# The limits for [q, s1, s2, lamda1, lambda2] are
# [[1.0/3.0, 1.0], [-0.4, 0.4], [-0.4, 0.4], [0.1, 3000], [0.1, 3000]]
# There are 32 corners and 128 LHD points.
# 
3.333333333333333148e-01 -4.000000000000000222e-01 -4.000000000000000222e-01 1.000000000000000056e-01 1.000000000000000056e-01
3.333333333333333148e-01 -4.000000000000000222e-01 -4.000000000000000222e-01 1.000000000000000056e-01 3.000000000000000000e+03
3.333333333333333148e-01 -4.000000000000000222e-01 -4.000000000000000222e-01 3.000000000000000000e+03 1.000000000000000056e-01
3.333333333333333148e-01 -4.000000000000000222e-01 -4.000000000000000222e-01 3.000000000000000000e+03 3.000000000000000000e+03
3.333333333333333148e-01 -4.000000000000000222e-01 4.000000000000000222e-01 1.000000000000000056e-01 1.000000000000000056e-01
3.333333333333333148e-01 -4.000000000000000222e-01 4.000000000000000222e-01 1.000000000000000056e-01 3.000000000000000000e+03
3.333333333333333148e-01 -4.000000000000000222e-01 4.000000000000000222e-01 3.000000000000000000e+03 1.000000000000000056e-01
3.333333333333333148e-01 -4.000000000000000222e-01 4.000000000000000222e-01 3.000000000000000000e+03 3.000000000000000000e+03
3.333333333333333148e-01 4.000000000000000222e-01 -4.000000000000000222e-01 1.000000000000000056e-01 1.000000000000000056e-01
3.333333333333333148e-01 4.000000000000000222e-01 -4.000000000000000222e-01 1.000000000000000056e-01 3.000000000000000000e+03
3.333333333333333148e-01 4.000000000000000222e-01 -4.000000000000000222e-01 3.000000000000000000e+03 1.000000000000000056e-01
3.333333333333333148e-01 4.000000000000000222e-01 -4.000000000000000222e-01 3.000000000000000000e+03 3.000000000000000000e+03
3.333333333333333148e-01 4.000000000000000222e-01 4.000000000000000222e-01 1.000000000000000056e-01 1.000000000000000056e-01
3.333333333333333148e-01 4.000000000000000222e-01 4.000000000000000222e-01 1.000000000000000056e-01 3.000000000000000000e+03
3.333333333333333148e-01 4.000000000000000222e-01 4.000000000000000222e-01 3.000000000000000000e+03 1.000000000000000056e-01
3.333333333333333148e-01 4.000000000000000222e-01 4.000000000000000222e-01 3.000000000000000000e+03 3.000000000000000000e+03
1.000000000000000000e+00 -4.000000000000000222e-01 -4.000000000000000222e-01 1.000000000000000056e-01 1.000000000000000056e-01
1.000000000000000000e+00 -4.000000000000000222e-01 -4.000000000000000222e-01 1.000000000000000056e-01 3.000000000000000000e+03
1.000000000000000000e+00 -4.000000000000000222e-01 -4.000000000000000222e-01 3.000000000000000000e+03 1.000000000000000056e-01
1.000000000000000000e+00 -4.000000000000000222e-01 -4.000000000000000222e-01 3.000000000000000000e+03 3.000000000000000000e+03
1.000000000000000000e+00 -4.000000000000000222e-01 4.000000000000000222e-01 1.000000000000000056e-01 1.000000000000000056e-01
1.000000000000000000e+00 -4.000000000000000222e-01 4.000000000000000222e-01 1.000000000000000056e-01 3.000000000000000000e+03
1.000000000000000000e+00 -4.000000000000000222e-01 4.000000000000000222e-01 3.000000000000000000e+03 1.000000000000000056e-01
1.000000000000000000e+00 -4.000000000000000222e-01 4.000000000000000222e-01 3.000000000000000000e+03 3.000000000000000000e+03
1.000000000000000000e+00 4.000000000000000222e-01 -4.000000000000000222e-01 1.000000000000000056e-01 1.000000000000000056e-01
1.000000000000000000e+00 4.000000000000000222e-01 -4.000000000000000222e-01 1.000000000000000056e-01 3.000000000000000000e+03
1.000000000000000000e+00 4.000000000000000222e-01 -4.000000000000000222e-01 3.000000000000000000e+03 1.000000000000000056e-01
1.000000000000000000e+00 4.000000000000000222e-01 -4.000000000000000222e-01 3.000000000000000000e+03 3.000000000000000000e+03
1.000000000000000000e+00 4.000000000000000222e-01 4.000000000000000222e-01 1.000000000000000056e-01 1.000000000000000056e-01
1.000000000000000000e+00 4.000000000000000222e-01 4.000000000000000222e-01 1.000000000000000056e-01 3.000000000000000000e+03
1.000000000000000000e+00 4.000000000000000222e-01 4.000000000000000222e-01 3.000000000000000000e+03 1.000000000000000056e-01
1.000000000000000000e+00 4.000000000000000222e-01 4.000000000000000222e-01 3.000000000000000000e+03 3.000000000000000000e+03
8.635170603674540146e-01 -7.244094488188979053e-02 -2.866141732283464805e-01 2.858272440944881964e+03 9.213291338582678236e+02
7.112860892388451761e-01 -1.858267716535433045e-01 -1.228346456692913646e-01 8.740866141732284404e+02 5.906314960629921416e+02
5.380577427821522374e-01 8.503937007874012854e-02 -2.929133858267716772e-01 1.157541732283464626e+03 1.889800787401574780e+03
7.217847769028871152e-01 1.543307086614172929e-01 2.362204724409449064e-01 1.606345669291338481e+03 1.842558267716535511e+03
3.963254593175852825e-01 -1.165354330708661679e-01 -3.149606299212570626e-03 2.220498425196850803e+03 1.559103149606298985e+03
8.687664041994751507e-01 3.685039370078740939e-01 1.291338582677165059e-01 2.126913385826771901e+02 3.071763779527559564e+02
6.325459317585302443e-01 9.448818897637767389e-03 3.149606299212626137e-03 1.417375590551180949e+03 3.544188976377952827e+02
7.742782152230971437e-01 -3.433070866141732513e-01 3.559055118110235894e-01 1.654488188976377785e+02 1.110299212598425356e+03
4.383202099737532609e-01 3.937007874015748810e-01 9.133858267716538082e-02 2.055149606299212792e+03 2.126913385826771901e+02
4.173228346456692717e-01 -1.732283464566929387e-01 -4.724409448818894797e-02 1.063056692913385632e+03 1.000000000000000056e-01
5.223097112860892732e-01 2.110236220472441193e-01 -2.488188976377952721e-01 9.921929133858268415e+02 8.268440944881889436e+02
7.900262467191601079e-01 1.102362204724408601e-01 -1.480314960629921517e-01 1.890700787401574701e+02 4.489039370078740490e+02
7.637795275590550936e-01 -3.496062992125984481e-01 -7.244094488188979053e-02 2.716544881889763474e+03 1.440996850393700697e+03
8.740157480314960647e-01 -1.039370078740157743e-01 1.543307086614172929e-01 1.866179527559055032e+03 7.087377952755905426e+02
6.377952755905511584e-01 -3.181102362204724643e-01 -5.984251968503939700e-02 1.086677952755905380e+03 2.599338582677165732e+02
6.482939632545932085e-01 -2.740157480314960869e-01 3.118110236220472675e-01 1.960664566929133798e+03 7.796015748031495605e+02
1.000000000000000000e+00 -3.055118110236220708e-01 -2.677165354330708902e-01 2.976378740157480479e+03 3.000000000000000000e+03
7.270341207349082513e-01 4.094488188976375120e-02 -5.354330708661420024e-02 2.031528346456692816e+03 1.984285826771653547e+03
9.632545931758531577e-01 2.173228346456692606e-01 1.102362204724408601e-01 1.535481889763779463e+03 2.480332283464566899e+03
6.850393700787401619e-01 -3.748031496062992352e-01 -1.291338582677165614e-01 3.071763779527559564e+02 1.275648031496062913e+03
5.853018372703411298e-01 2.047244094488189781e-01 -1.732283464566929387e-01 2.598438582677165414e+03 1.086677952755905380e+03
5.905511811023622659e-01 -3.874015748031496287e-01 4.724409448818900348e-02 1.724451968503936996e+03 2.078770866141732313e+03
4.750656167979002698e-01 2.677165354330709457e-01 -8.503937007874018406e-02 4.725251968503937405e+02 1.960664566929133798e+03
9.317585301837272294e-01 -3.811023622047244319e-01 -3.181102362204724643e-01 1.748073228346456744e+03 2.055149606299212792e+03
9.790026246719161218e-01 1.921259842519684735e-01 -3.433070866141732513e-01 6.378740157480315247e+02 2.433089763779527402e+03
7.690288713910762297e-01 1.606299212598425452e-01 -2.992125984251968740e-01 2.622059842519684935e+03 2.363125984251968532e+02
3.648293963254592986e-01 5.354330708661414473e-02 1.732283464566928277e-01 2.835551181102362648e+02 2.858272440944881964e+03
3.805774278215223183e-01 7.244094488188973502e-02 -2.425196850393701031e-01 1.252026771653543392e+03 2.031528346456692816e+03
9.580052493438320216e-01 -1.795275590551181355e-01 3.055118110236221263e-01 1.937043307086614277e+03 2.409468503937007881e+03
5.275590551181101873e-01 -1.669291338582677142e-01 -1.417322834645668994e-01 1.889800787401574780e+03 7.096377952755905483e+01
8.320209973753280863e-01 1.354330708661417582e-01 1.039370078740157188e-01 1.984285826771653547e+03 1.157541732283464626e+03
9.160104986876640432e-01 -1.606299212598425175e-01 2.992125984251968740e-01 1.228405511811023644e+03 2.102392125984252289e+03
4.488188976377952555e-01 -2.614173228346456934e-01 1.606299212598425452e-01 1.181162992125984147e+03 1.511860629921259715e+03
4.540682414698162805e-01 -1.102362204724409156e-01 1.795275590551181910e-01 8.032228346456693089e+02 1.299269291338582661e+03
5.695538057742781657e-01 3.370078740157480546e-01 -6.614173228346453826e-02 1.700830708661417475e+03 8.504653543307088057e+02
3.543307086614173040e-01 -3.685039370078740384e-01 -2.047244094488189226e-01 2.078770866141732313e+03 2.338604724409448863e+03
9.527559055118111075e-01 3.055118110236221263e-01 -3.307086614173228578e-01 2.480332283464566899e+03 2.551196062992125917e+03
5.485564304461942875e-01 -4.094488188976380671e-02 2.740157480314960869e-01 1.110299212598425356e+03 5.433889763779527584e+02
5.643044619422572516e-01 -1.921259842519685013e-01 -2.204724409448821643e-02 3.780401574803149742e+02 7.559803149606299257e+02
7.795275590551180578e-01 -1.291338582677165614e-01 -3.464566929133855444e-02 1.275648031496062913e+03 1.795315748031496014e+03
6.535433070866141225e-01 -1.228346456692913646e-01 2.929133858267716217e-01 2.905514960629921461e+03 2.669302362204724432e+03
7.375328083989500794e-01 4.000000000000000222e-01 2.866141732283464805e-01 1.677209448818897499e+03 1.322890551181102182e+03
9.947506561679790860e-01 -3.559055118110236449e-01 -2.614173228346456934e-01 5.197677165354331237e+02 1.654488188976377785e+02
9.842519685039370358e-01 5.984251968503939700e-02 2.488188976377952999e-01 2.385847244094488360e+03 1.890700787401574701e+02
9.212598425196849572e-01 2.803149606299212282e-01 3.433070866141731958e-01 6.851165354330709079e+02 1.535481889763779463e+03
6.220472440944881942e-01 -3.622047244094488416e-01 3.748031496062992352e-01 3.000000000000000000e+03 1.700830708661417475e+03
6.587926509186351476e-01 1.795275590551181910e-01 -1.795275590551181355e-01 1.370133070866141679e+03 1.418275590551181153e+02
3.490813648293963345e-01 3.464566929133860995e-02 8.503937007874012854e-02 2.669302362204724432e+03 1.370133070866141679e+03
4.435695538057742859e-01 3.496062992125984481e-01 -3.559055118110236449e-01 2.433089763779527402e+03 1.913422047244094301e+03
8.425196850393701364e-01 1.858267716535433323e-01 -4.094488188976380671e-02 2.173255905511810852e+03 2.456711023622047378e+03
7.847769028871391939e-01 -8.503937007874018406e-02 1.669291338582676865e-01 1.582724409448818960e+03 8.740866141732284404e+02
4.225721784776902412e-01 -1.354330708661417582e-01 2.834645669291341319e-02 2.599338582677165732e+02 2.716544881889763474e+03
3.385826771653543399e-01 3.149606299212626137e-03 -2.110236220472441193e-01 2.692923622047244407e+03 9.449503937007874583e+02
8.057742782152230721e-01 3.874015748031496287e-01 -2.236220472440944851e-01 2.244119685039369870e+03 2.574817322834645893e+03
4.330708661417322913e-01 -4.724409448818894797e-02 -9.448818897637822900e-03 2.314983464566929342e+03 6.142527559055118900e+02
9.002624671916010790e-01 1.984251968503937258e-01 -3.874015748031496287e-01 7.796015748031495605e+02 1.748073228346456744e+03
8.845144356955381149e-01 2.425196850393701586e-01 9.448818897637767389e-03 2.102392125984252289e+03 1.063056692913385632e+03
5.433070866141732624e-01 2.834645669291341319e-02 2.110236220472441193e-01 5.670102362204725068e+02 2.811029921259842922e+03
7.060367454068241511e-01 9.763779527559057758e-02 3.937007874015748810e-01 5.433889763779527584e+02 2.952757480314960503e+03
7.165354330708662012e-01 1.165354330708662234e-01 9.763779527559057758e-02 9.685716535433072067e+02 6.851165354330709079e+02
4.855643044619422644e-01 -2.929133858267716772e-01 -2.173228346456692883e-01 2.763787401574802971e+03 1.653588188976377751e+03
4.120734908136483021e-01 -9.448818897637822900e-03 -1.102362204724409156e-01 8.268440944881889436e+02 1.582724409448818960e+03
3.333333333333333148e-01 -9.763779527559052207e-02 4.094488188976375120e-02 3.307976377952755911e+02 5.197677165354331237e+02
4.278215223097112663e-01 1.732283464566928277e-01 1.480314960629921517e-01 2.196877165354330828e+03 2.527574803149605941e+03
8.477690288713910505e-01 -3.937007874015748254e-01 6.614173228346459377e-02 1.488239370078740194e+03 2.740166141732283450e+03
5.748031496062991907e-01 -7.874015748031493178e-02 3.370078740157480546e-01 2.787408661417322946e+03 8.977078740157480752e+02
6.955380577427822120e-01 -2.173228346456692883e-01 1.858267716535433323e-01 1.842558267716535511e+03 1.464618110236220446e+03
6.430446194225721834e-01 2.551181102362204411e-01 3.496062992125984481e-01 6.614952755905511594e+02 2.787408661417322946e+03
6.010498687664043160e-01 4.724409448818900348e-02 -1.606299212598425175e-01 2.929136220472440982e+03 1.133920472440944877e+03
5.118110236220472231e-01 -2.488188976377952721e-01 -2.362204724409449064e-01 1.629966929133858230e+03 1.629966929133858230e+03
8.267716535433071723e-01 3.811023622047243764e-01 3.307086614173229133e-01 8.977078740157480752e+02 1.818937007874015762e+03
6.640419947506561726e-01 -2.110236220472441193e-01 1.921259842519684735e-01 2.740166141732283450e+03 2.881893700787401485e+03
7.952755905511811330e-01 1.228346456692913646e-01 3.181102362204724088e-01 9.449503937007874583e+02 1.488239370078740194e+03
5.328083989501312123e-01 9.133858267716538082e-02 4.000000000000000222e-01 2.952757480314960503e+03 1.346511811023622158e+03
8.530183727034121866e-01 -2.992125984251968740e-01 -2.803149606299212837e-01 5.906314960629921416e+02 2.834651181102361988e+03
4.908136482939632339e-01 3.307086614173229133e-01 1.228346456692913646e-01 1.511860629921259715e+03 2.291362204724409366e+03
9.370078740157481434e-01 3.748031496062992352e-01 2.047244094488189781e-01 1.818937007874015762e+03 1.182062992125984238e+02
5.958005249343831800e-01 -2.803149606299212837e-01 2.677165354330709457e-01 8.504653543307088057e+02 9.921929133858268415e+02
4.803149606299212393e-01 -3.370078740157480546e-01 -7.874015748031493178e-02 2.574817322834645893e+03 1.393754330708661428e+03
8.110236220472440971e-01 2.929133858267716217e-01 5.984251968503939700e-02 2.503953543307086875e+03 4.961464566929134321e+02
3.858267716535432879e-01 2.614173228346456934e-01 2.236220472440945128e-01 3.544188976377952827e+02 9.685716535433072067e+02
9.475065616797901935e-01 1.669291338582676865e-01 2.425196850393701586e-01 2.363125984251968532e+02 2.645681102362204456e+03
8.215223097112861472e-01 -3.149606299212570626e-03 3.874015748031496287e-01 7.323590551181102910e+02 1.181162992125984147e+03
6.167979002624672802e-01 -1.543307086614173207e-01 -1.858267716535433045e-01 1.182062992125984238e+02 1.606345669291338481e+03
8.582677165354331006e-01 1.417322834645668994e-01 7.874015748031498729e-02 2.527574803149605941e+03 2.314983464566929342e+03
3.753280839895012932e-01 -2.551181102362204411e-01 -1.354330708661417582e-01 1.299269291338582661e+03 4.725251968503937405e+02
4.015748031496063075e-01 -9.133858267716538082e-02 1.574803149606301966e-02 2.362225984251968384e+03 2.244119685039369870e+03
9.737532808398949857e-01 3.559055118110235894e-01 -3.370078740157480546e-01 7.087377952755905426e+02 1.866179527559055032e+03
8.897637795275590289e-01 2.488188976377952999e-01 -3.622047244094488416e-01 2.267740944881889845e+03 1.039435433070866111e+03
7.322834645669291653e-01 -2.236220472440944851e-01 1.354330708661417582e-01 1.039435433070866111e+03 1.015814173228346476e+03
3.595800524934383291e-01 3.622047244094488416e-01 -2.740157480314960869e-01 4.734251968503937036e+01 2.905514960629921461e+03
5.800524934383202158e-01 -3.118110236220472675e-01 3.464566929133860995e-02 2.881893700787401485e+03 1.228405511811023644e+03
5.538057742782152015e-01 2.299212598425196541e-01 -1.921259842519685013e-01 1.913422047244094301e+03 1.771694488188976266e+03
5.065616797900263091e-01 3.118110236220472675e-01 1.984251968503937258e-01 6.142527559055118900e+02 2.763787401574802971e+03
7.427821522309712154e-01 1.574803149606301966e-02 -1.543307086614173207e-01 2.372125984251968589e+01 2.196877165354330828e+03
6.902887139107611869e-01 1.480314960629921517e-01 2.614173228346456934e-01 7.559803149606299257e+02 3.307976377952755911e+02
7.532808398950131545e-01 -1.984251968503936980e-01 2.803149606299212282e-01 2.811029921259842922e+03 2.149634645669291331e+03
3.910761154855643129e-01 -2.677165354330708902e-01 -9.133858267716538082e-02 1.133920472440944877e+03 2.929136220472440982e+03
4.068241469816272771e-01 2.740157480314960869e-01 1.165354330708662234e-01 9.213291338582678236e+02 5.670102362204725068e+02
3.438320209973753094e-01 -1.417322834645668994e-01 3.685039370078740939e-01 1.418275590551181153e+02 2.007907086614173068e+03
4.593175853018372501e-01 -1.574803149606296415e-02 -3.244094488188976610e-01 1.795315748031496014e+03 9.458503937007873219e+01
6.115485564304461441e-01 2.362204724409449064e-01 -1.165354330708661679e-01 4.961464566929134321e+02 2.976378740157480479e+03
8.005249343832021580e-01 -2.299212598425197096e-01 -1.984251968503936980e-01 2.126013385826771355e+03 1.252026771653543392e+03
7.585301837270341796e-01 1.039370078740157188e-01 -3.496062992125984481e-01 2.007907086614173068e+03 2.173255905511810852e+03
6.745406824146982228e-01 -2.362204724409449064e-01 2.173228346456692606e-01 2.149634645669291331e+03 6.378740157480315247e+02
6.797900262467191368e-01 1.291338582677165059e-01 -3.937007874015748254e-01 1.440996850393700697e+03 1.677209448818897499e+03
7.007874015748032370e-01 -4.000000000000000222e-01 -3.811023622047244319e-01 9.458503937007873219e+01 6.614952755905511594e+02
9.422572178477690574e-01 -5.984251968503939700e-02 7.244094488188973502e-02 2.834651181102361988e+03 2.598438582677165414e+03
4.698162729658792447e-01 -2.866141732283464805e-01 -3.055118110236220708e-01 2.645681102362204456e+03 4.734251968503937036e+01
5.170603674540682482e-01 -2.204724409448821643e-02 -4.000000000000000222e-01 7.096377952755905483e+01 2.372125984251968589e+01
7.480314960629921295e-01 2.992125984251968740e-01 1.417322834645668994e-01 1.653588188976377751e+03 2.220498425196850803e+03
5.013123359580052840e-01 -6.614173228346453826e-02 2.551181102362204411e-01 1.393754330708661428e+03 4.016614173228346658e+02
8.162729658792651222e-01 2.204724409448816091e-02 -3.748031496062992352e-01 1.559103149606298985e+03 2.267740944881889845e+03
4.645669291338582196e-01 7.874015748031498729e-02 -3.685039370078740384e-01 2.551196062992125917e+03 2.503953543307086875e+03
6.062992125984252301e-01 2.866141732283464805e-01 3.622047244094488416e-01 1.771694488188976266e+03 7.323590551181102910e+02
9.107611548556431291e-01 3.244094488188976610e-01 3.811023622047243764e-01 2.409468503937007881e+03 2.835551181102362648e+02
3.700787401574803237e-01 -3.307086614173228578e-01 -1.039370078740157743e-01 1.464618110236220446e+03 1.724451968503936996e+03
6.692913385826771977e-01 -2.834645669291341319e-02 5.354330708661414473e-02 1.322890551181102182e+03 3.780401574803149742e+02
5.590551181102362266e-01 -1.480314960629921517e-01 -2.834645669291341319e-02 1.346511811023622158e+03 1.937043307086614277e+03
4.960629921259842590e-01 6.614173228346459377e-02 -1.574803149606296415e-02 2.456711023622047378e+03 1.204784251968503895e+03
9.265091863517060933e-01 -5.354330708661420024e-02 -3.118110236220472675e-01 1.015814173228346476e+03 1.417375590551180949e+03
8.372703412073490004e-01 -2.047244094488189226e-01 2.299212598425196541e-01 2.291362204724409366e+03 2.692923622047244407e+03
9.055118110236219930e-01 3.433070866141731958e-01 -1.669291338582677142e-01 4.489039370078740490e+02 2.385847244094488360e+03
9.895013123359581719e-01 -2.425196850393701031e-01 -2.551181102362204411e-01 4.016614173228346658e+02 2.362225984251968384e+03
6.272965879265091083e-01 2.236220472440945128e-01 3.244094488188976610e-01 2.338604724409448863e+03 4.252826771653544142e+02
9.685039370078740717e-01 3.181102362204724088e-01 -2.299212598425197096e-01 1.000000000000000056e-01 2.126013385826771355e+03
8.792650918635172008e-01 -3.464566929133855444e-02 2.204724409448816091e-02 4.252826771653544142e+02 8.032228346456693089e+02
8.950131233595801650e-01 -3.244094488188976610e-01 -9.763779527559052207e-02 1.204784251968503895e+03 2.622059842519684935e+03
