# The limits for [q, s1, s2, lamda1, lambda2] are
# [[1.0/3.0, 1.0], [-0.5, 0.5], [-0.5, 0.5], [0, 5000], [0, 5000]]
# There are 32 corners and 128 LHD points.
# 
3.333333333333333148e-01 -5.000000000000000000e-01 -5.000000000000000000e-01 0.000000000000000000e+00 0.000000000000000000e+00
3.333333333333333000e-01 -4.900000000000000000e-01 -4.900000000000000000e-01 0.100000000000000000e+00 4.900000000000000000e+03
3.333333333333333148e-01 -5.000000000000000000e-01 -5.000000000000000000e-01 5.000000000000000000e+03 0.000000000000000000e+00
3.333333333333333148e-01 -5.000000000000000000e-01 -5.000000000000000000e-01 5.000000000000000000e+03 5.000000000000000000e+03
3.333333333333333148e-01 -5.000000000000000000e-01 5.000000000000000000e-01 0.000000000000000000e+00 0.000000000000000000e+00
3.333333333333333148e-01 -5.000000000000000000e-01 5.000000000000000000e-01 0.000000000000000000e+00 5.000000000000000000e+03
3.333333333333333148e-01 -5.000000000000000000e-01 5.000000000000000000e-01 5.000000000000000000e+03 0.000000000000000000e+00
3.333333333333333148e-01 -5.000000000000000000e-01 5.000000000000000000e-01 5.000000000000000000e+03 5.000000000000000000e+03
3.333333333333333148e-01 5.000000000000000000e-01 -5.000000000000000000e-01 0.000000000000000000e+00 0.000000000000000000e+00
3.333333333333333148e-01 5.000000000000000000e-01 -5.000000000000000000e-01 0.000000000000000000e+00 5.000000000000000000e+03
3.333333333333333148e-01 5.000000000000000000e-01 -5.000000000000000000e-01 5.000000000000000000e+03 0.000000000000000000e+00
3.333333333333333148e-01 5.000000000000000000e-01 -5.000000000000000000e-01 5.000000000000000000e+03 5.000000000000000000e+03
3.333333333333333148e-01 5.000000000000000000e-01 5.000000000000000000e-01 0.000000000000000000e+00 0.000000000000000000e+00
3.333333333333333148e-01 5.000000000000000000e-01 5.000000000000000000e-01 0.000000000000000000e+00 5.000000000000000000e+03
3.333333333333333148e-01 5.000000000000000000e-01 5.000000000000000000e-01 5.000000000000000000e+03 0.000000000000000000e+00
3.333333333333333148e-01 5.000000000000000000e-01 5.000000000000000000e-01 5.000000000000000000e+03 5.000000000000000000e+03
1.000000000000000000e+00 -5.000000000000000000e-01 -5.000000000000000000e-01 0.000000000000000000e+00 0.000000000000000000e+00
1.000000000000000000e+00 -5.000000000000000000e-01 -5.000000000000000000e-01 0.000000000000000000e+00 5.000000000000000000e+03
1.000000000000000000e+00 -5.000000000000000000e-01 -5.000000000000000000e-01 5.000000000000000000e+03 0.000000000000000000e+00
1.000000000000000000e+00 -5.000000000000000000e-01 -5.000000000000000000e-01 5.000000000000000000e+03 5.000000000000000000e+03
1.000000000000000000e+00 -5.000000000000000000e-01 5.000000000000000000e-01 0.000000000000000000e+00 0.000000000000000000e+00
1.000000000000000000e+00 -5.000000000000000000e-01 5.000000000000000000e-01 0.000000000000000000e+00 5.000000000000000000e+03
1.000000000000000000e+00 -5.000000000000000000e-01 5.000000000000000000e-01 5.000000000000000000e+03 0.000000000000000000e+00
1.000000000000000000e+00 -5.000000000000000000e-01 5.000000000000000000e-01 5.000000000000000000e+03 5.000000000000000000e+03
1.000000000000000000e+00 5.000000000000000000e-01 -5.000000000000000000e-01 0.000000000000000000e+00 0.000000000000000000e+00
1.000000000000000000e+00 5.000000000000000000e-01 -5.000000000000000000e-01 0.000000000000000000e+00 5.000000000000000000e+03
1.000000000000000000e+00 5.000000000000000000e-01 -5.000000000000000000e-01 5.000000000000000000e+03 0.000000000000000000e+00
1.000000000000000000e+00 5.000000000000000000e-01 -5.000000000000000000e-01 5.000000000000000000e+03 5.000000000000000000e+03
1.000000000000000000e+00 5.000000000000000000e-01 5.000000000000000000e-01 0.000000000000000000e+00 0.000000000000000000e+00
1.000000000000000000e+00 5.000000000000000000e-01 5.000000000000000000e-01 0.000000000000000000e+00 5.000000000000000000e+03
1.000000000000000000e+00 5.000000000000000000e-01 5.000000000000000000e-01 5.000000000000000000e+03 0.000000000000000000e+00
1.000000000000000000e+00 5.000000000000000000e-01 5.000000000000000000e-01 5.000000000000000000e+03 5.000000000000000000e+03
7.375328083989500794e-01 -3.582677165354331006e-01 -3.937007874015741038e-03 3.070866141732283268e+03 7.480314960629921188e+02
8.110236220472440971e-01 2.637795275590550936e-01 4.921259842519685179e-01 4.133858267716535011e+03 4.173228346456692634e+03
5.223097112860892732e-01 -2.755905511811024278e-02 -6.692913385826770867e-02 1.102362204724409366e+03 3.818897637795275386e+03
7.952755905511811330e-01 -2.480314960629921295e-01 1.377952755905511584e-01 2.362204724409448772e+03 7.874015748031496287e+01
7.532808398950131545e-01 2.795275590551180578e-01 -3.740157480314960647e-01 4.448818897637795089e+03 1.102362204724409366e+03
7.690288713910762297e-01 -4.842519685039370358e-01 9.055118110236215490e-02 0.000000000000000000e+00 9.055118110236220446e+02
7.742782152230971437e-01 -3.031496062992126150e-01 9.842519685039374799e-02 4.921259842519684753e+03 4.015748031496063049e+03
6.535433070866141225e-01 -4.370078740157480324e-01 8.267716535433067282e-02 2.244094488188976356e+03 4.921259842519684753e+03
6.010498687664043160e-01 -4.527559055118109965e-01 -4.527559055118109965e-01 1.850393700787401485e+03 2.362204724409448772e+03
6.587926509186351476e-01 -2.322834645669291098e-01 -1.220472440944881942e-01 2.637795275590551228e+03 3.661417322834645802e+03
5.590551181102362266e-01 3.818897637795275468e-01 -2.716535433070865757e-01 3.937007874015748143e+02 8.267716535433071385e+02
8.530183727034121866e-01 -3.818897637795275468e-01 6.692913385826770867e-02 7.086614173228346090e+02 4.881889763779527129e+03
4.540682414698162805e-01 2.322834645669291653e-01 -3.267716535433070613e-01 2.598425196850393604e+03 1.338582677165354426e+03
5.170603674540682482e-01 9.055118110236215490e-02 2.401574803149606474e-01 2.755905511811023644e+03 1.023622047244094460e+03
5.905511811023622659e-01 1.535433070866141225e-01 -3.543307086614172485e-02 4.015748031496063049e+03 3.267716535433070931e+03
9.107611548556431291e-01 7.480314960629919074e-02 4.370078740157480324e-01 2.362204724409448886e+02 4.133858267716535011e+03
7.217847769028871152e-01 -3.661417322834645827e-01 -2.007874015748031260e-01 3.976377952755905426e+03 3.937007874015748143e+02
4.645669291338582196e-01 -3.543307086614172485e-02 3.425196850393700254e-01 3.267716535433070931e+03 1.417322834645669218e+03
4.698162729658792447e-01 -2.874015748031495954e-01 1.968503937007870519e-02 4.251968503937007881e+03 1.811023622047244089e+03
5.328083989501312123e-01 4.133858267716535861e-01 3.582677165354331006e-01 4.409448818897637466e+03 2.519685039370078812e+03
7.007874015748032370e-01 -3.937007874015741038e-03 1.181102362204722311e-02 5.118110236220472302e+02 8.661417322834645347e+02
9.160104986876640432e-01 1.062992125984252301e-01 3.740157480314960647e-01 3.425196850393700970e+03 1.535433070866141634e+03
8.740157480314960647e-01 9.842519685039374799e-02 -4.370078740157480324e-01 1.771653543307086693e+03 2.952755905511810852e+03
6.482939632545932085e-01 -1.377952755905511584e-01 -1.968503937007876070e-02 8.267716535433071385e+02 2.204724409448818733e+03
5.643044619422572516e-01 -1.141732283464567121e-01 2.165354330708660902e-01 3.818897637795275386e+03 3.464566929133858139e+03
4.383202099737532609e-01 4.448818897637795144e-01 1.850393700787401619e-01 2.401574803149606396e+03 1.181102362204724443e+02
5.748031496062991907e-01 3.346456692913385433e-01 1.220472440944881942e-01 1.732283464566929069e+03 5.118110236220472302e+02
3.805774278215223183e-01 -4.212598425196850682e-01 4.448818897637795144e-01 3.188976377952755684e+03 1.496062992125984238e+03
9.527559055118111075e-01 2.755905511811018727e-02 4.330708661417326244e-02 6.692913385826772128e+02 3.110236220472440891e+03
6.272965879265091083e-01 -8.267716535433072833e-02 2.874015748031496509e-01 3.385826771653543346e+03 4.291338582677165505e+03
9.580052493438320216e-01 1.929133858267716439e-01 3.188976377952755792e-01 1.811023622047244089e+03 3.070866141732283268e+03
9.632545931758531577e-01 -1.456692913385826960e-01 5.905511811023622659e-02 1.574803149606299257e+03 4.409448818897637466e+03
5.013123359580052840e-01 1.220472440944881942e-01 -2.874015748031495954e-01 1.181102362204724443e+02 3.976377952755905426e+03
8.320209973753280863e-01 -2.952755905511811330e-01 5.000000000000000000e-01 1.968503937007874072e+02 3.543307086614173386e+03
5.433070866141732624e-01 4.527559055118109965e-01 2.480314960629921295e-01 2.086614173228346317e+03 3.149606299212598515e+03
8.897637795275590289e-01 -1.614173228346456601e-01 -1.377952755905511584e-01 3.543307086614173045e+02 3.700787401574802971e+03
4.068241469816272771e-01 -1.535433070866141780e-01 3.897637795275590289e-01 2.440944881889763565e+03 1.653543307086614277e+03
7.637795275590550936e-01 -4.606299212598425341e-01 1.141732283464567121e-01 3.937007874015748257e+03 1.692913385826771673e+03
6.167979002624672802e-01 -2.165354330708661457e-01 -3.031496062992126150e-01 2.834645669291338436e+03 2.637795275590551228e+03
3.648293963254592986e-01 -5.118110236220474452e-02 3.818897637795275468e-01 1.023622047244094460e+03 1.181102362204724386e+03
6.850393700787401619e-01 4.763779527559055538e-01 1.535433070866141225e-01 7.480314960629921188e+02 2.007874015748031525e+03
6.062992125984252301e-01 3.897637795275590289e-01 -4.212598425196850682e-01 2.716535433070866020e+03 6.692913385826772128e+02
8.792650918635172008e-01 1.692913385826771977e-01 -1.456692913385826960e-01 3.110236220472440891e+03 2.047244094488188921e+03
4.960629921259842590e-01 2.007874015748031260e-01 -7.480314960629919074e-02 7.874015748031496287e+02 3.543307086614173045e+02
8.162729658792651222e-01 -4.055118110236220486e-01 -4.133858267716535306e-01 4.173228346456692634e+03 4.724409448818897545e+03
8.057742782152230721e-01 4.921259842519685179e-01 4.606299212598424786e-01 1.338582677165354426e+03 7.874015748031496287e+02
8.845144356955381149e-01 1.456692913385826404e-01 2.244094488188976833e-01 1.259842519685039406e+03 4.488188976377952713e+03
6.377952755905511584e-01 -1.968503937007876070e-02 3.503937007874016185e-01 3.622047244094488178e+03 4.330708661417323128e+03
6.115485564304461441e-01 -3.740157480314960647e-01 1.692913385826771977e-01 1.417322834645669218e+03 1.771653543307086693e+03
4.593175853018372501e-01 -3.188976377952755792e-01 -2.244094488188976277e-01 3.149606299212598515e+03 4.448818897637795089e+03
3.910761154855643129e-01 5.905511811023622659e-02 2.007874015748031260e-01 2.952755905511810852e+03 3.779527559055118218e+03
4.750656167979002698e-01 3.110236220472440971e-01 -2.795275590551181133e-01 1.968503937007874129e+03 2.165354330708661564e+03
8.635170603674540146e-01 1.377952755905511584e-01 4.763779527559055538e-01 2.874015748031496059e+03 2.716535433070866020e+03
5.485564304461942875e-01 2.086614173228346081e-01 3.661417322834645827e-01 4.645669291338582298e+03 3.622047244094488178e+03
7.270341207349082513e-01 -9.055118110236221041e-02 -4.685039370078740162e-01 2.480314960629921188e+03 1.929133858267716505e+03
5.800524934383202158e-01 3.740157480314960647e-01 1.456692913385826404e-01 2.047244094488188921e+03 3.425196850393700970e+03
8.005249343832021580e-01 -3.976377952755905665e-01 -1.850393700787401619e-01 2.677165354330708851e+03 3.307086614173228554e+03
6.692913385826771977e-01 3.582677165354331006e-01 -1.929133858267716439e-01 1.062992125984251970e+03 4.606299212598425584e+03
8.215223097112861472e-01 -4.921259842519685179e-01 -1.614173228346456601e-01 1.692913385826771673e+03 9.842519685039370643e+02
3.753280839895012932e-01 2.480314960629921295e-01 4.133858267716535861e-01 3.346456692913385723e+03 2.480314960629921188e+03
8.950131233595801650e-01 1.850393700787401619e-01 4.055118110236219930e-01 5.000000000000000000e+03 9.448818897637795544e+02
3.858267716535432879e-01 -7.480314960629919074e-02 -3.582677165354331006e-01 4.724409448818897772e+02 4.842519685039370415e+03
6.640419947506561726e-01 1.968503937007870519e-02 -4.330708661417320693e-02 2.007874015748031525e+03 1.299212598425196802e+03
5.538057742782152015e-01 2.874015748031496509e-01 2.795275590551180578e-01 3.779527559055118218e+03 7.086614173228346090e+02
7.900262467191601079e-01 8.267716535433067282e-02 -3.503937007874015630e-01 3.307086614173228554e+03 4.330708661417322674e+02
7.060367454068241511e-01 3.425196850393700254e-01 -2.755905511811024278e-02 4.842519685039370415e+03 5.000000000000000000e+03
3.385826771653543399e-01 2.559055118110236116e-01 -2.952755905511811330e-01 4.724409448818897545e+03 2.874015748031496059e+03
3.438320209973753094e-01 2.244094488188976833e-01 2.637795275590550936e-01 4.566929133858267960e+03 4.527559055118110336e+03
4.015748031496063075e-01 -2.007874015748031260e-01 -4.055118110236220486e-01 3.149606299212598515e+02 4.960629921259842376e+03
3.333333333333333148e-01 -1.850393700787401619e-01 -1.299212598425196763e-01 9.448818897637795544e+02 1.377952755905511822e+03
7.585301837270341796e-01 -2.401574803149606474e-01 4.527559055118109965e-01 6.299212598425197029e+02 2.244094488188976356e+03
5.065616797900263091e-01 4.212598425196850682e-01 -5.000000000000000000e-01 1.456692913385826841e+03 2.755905511811023644e+03
8.372703412073490004e-01 3.031496062992126150e-01 -1.141732283464567121e-01 3.228346456692913307e+03 2.598425196850393604e+03
8.267716535433071723e-01 1.141732283464567121e-01 -3.897637795275590289e-01 2.755905511811023416e+02 3.346456692913385723e+03
5.958005249343831800e-01 -4.291338582677165503e-01 4.212598425196850682e-01 4.291338582677165505e+03 4.685039370078739921e+03
7.165354330708662012e-01 -1.771653543307086798e-01 -3.818897637795275468e-01 3.661417322834645802e+03 3.858267716535433010e+03
3.595800524934383291e-01 -3.425196850393700809e-01 -3.661417322834645827e-01 4.330708661417323128e+03 1.456692913385826841e+03
4.120734908136483021e-01 5.000000000000000000e-01 3.976377952755905110e-01 1.181102362204724386e+03 0.000000000000000000e+00
4.435695538057742859e-01 -4.133858267716535306e-01 2.716535433070865757e-01 2.559055118110236435e+03 2.834645669291338436e+03
9.265091863517060933e-01 -6.692913385826770867e-02 3.267716535433070613e-01 3.937007874015748143e+01 1.574803149606299257e+03
7.112860892388451761e-01 4.842519685039370358e-01 -5.905511811023622659e-02 5.511811023622046832e+02 2.440944881889763565e+03
6.955380577427822120e-01 2.401574803149606474e-01 -3.976377952755905665e-01 3.897637795275590634e+03 2.992125984251968475e+03
4.488188976377952555e-01 -2.086614173228346636e-01 2.755905511811018727e-02 2.519685039370078812e+03 5.511811023622046832e+02
6.797900262467191368e-01 -4.330708661417320693e-02 -1.692913385826771422e-01 1.653543307086614277e+03 4.251968503937007881e+03
7.847769028871391939e-01 4.330708661417326244e-02 4.842519685039370358e-01 1.574803149606299257e+02 1.968503937007874129e+03
9.895013123359581719e-01 -1.929133858267716439e-01 -2.165354330708661457e-01 3.464566929133858139e+03 3.385826771653543346e+03
3.700787401574803237e-01 4.685039370078739607e-01 -2.480314960629921295e-01 4.370078740157480752e+03 2.283464566929133980e+03
3.543307086614173040e-01 5.118110236220474452e-02 -4.921259842519685179e-01 9.055118110236220446e+02 1.259842519685039406e+03
9.370078740157481434e-01 -3.897637795275590289e-01 -2.086614173228346636e-01 1.929133858267716505e+03 2.559055118110236435e+03
6.745406824146982228e-01 -1.299212598425196763e-01 -1.535433070866141780e-01 4.212598425196850258e+03 2.913385826771653683e+03
9.842519685039370358e-01 -1.181102362204722311e-02 -5.118110236220474452e-02 1.141732283464566990e+03 1.614173228346456654e+03
5.695538057742781657e-01 3.267716535433070613e-01 1.929133858267716439e-01 9.842519685039370643e+02 1.141732283464566990e+03
6.902887139107611869e-01 1.181102362204722311e-02 3.110236220472440971e-01 8.661417322834645347e+02 2.401574803149606396e+03
9.947506561679790860e-01 3.937007874015741038e-03 1.771653543307086798e-01 1.614173228346456654e+03 6.299212598425197029e+02
3.490813648293963345e-01 -1.220472440944881942e-01 3.031496062992126150e-01 1.889763779527559109e+03 4.803149606299212792e+03
6.430446194225721834e-01 -4.685039370078740162e-01 -4.842519685039370358e-01 3.582677165354330555e+03 5.905511811023621931e+02
8.687664041994751507e-01 -2.559055118110236116e-01 3.346456692913385433e-01 2.165354330708661564e+03 3.897637795275590634e+03
9.737532808398949857e-01 4.055118110236219930e-01 -2.401574803149606474e-01 4.488188976377952713e+03 3.937007874015748257e+03
5.853018372703411298e-01 -2.244094488188976277e-01 -3.425196850393700809e-01 2.125984251968503941e+03 2.677165354330708851e+03
9.790026246719161218e-01 4.291338582677165503e-01 -4.606299212598425341e-01 4.803149606299212792e+03 4.055118110236220673e+03
9.212598425196849572e-01 -9.842519685039369248e-02 2.559055118110236116e-01 3.503937007874015762e+03 3.740157480314960594e+03
3.963254593175852825e-01 -3.267716535433070613e-01 2.086614173228346081e-01 2.913385826771653683e+03 3.503937007874015762e+03
7.427821522309712154e-01 -5.000000000000000000e-01 1.299212598425196763e-01 4.094488188976377842e+03 4.212598425196850258e+03
9.475065616797901935e-01 -2.716535433070865757e-01 -2.637795275590550936e-01 3.740157480314960594e+03 2.086614173228346317e+03
5.380577427821522374e-01 3.661417322834645827e-01 -4.763779527559054983e-01 4.606299212598425584e+03 1.968503937007874072e+02
7.322834645669291653e-01 3.188976377952755792e-01 4.685039370078739607e-01 4.055118110236220673e+03 1.062992125984251970e+03
8.582677165354331006e-01 2.716535433070865757e-01 2.952755905511811330e-01 1.496062992125984238e+03 3.188976377952755684e+03
7.795275590551180578e-01 3.543307086614178036e-02 1.062992125984252301e-01 4.763779527559055168e+03 2.125984251968503941e+03
4.278215223097112663e-01 -2.637795275590550936e-01 -4.291338582677165503e-01 3.031496062992126099e+03 1.220472440944881782e+03
6.325459317585302443e-01 -1.062992125984251746e-01 -1.181102362204722311e-02 4.330708661417322674e+02 3.149606299212598515e+02
1.000000000000000000e+00 -2.795275590551181133e-01 -4.448818897637795144e-01 5.905511811023621931e+02 2.755905511811023416e+02
9.055118110236219930e-01 2.165354330708660902e-01 -2.559055118110236116e-01 4.685039370078739921e+03 4.566929133858267960e+03
9.002624671916010790e-01 -3.503937007874015630e-01 -9.842519685039369248e-02 2.283464566929133980e+03 3.228346456692913307e+03
4.225721784776902412e-01 -1.692913385826771422e-01 4.291338582677165503e-01 4.881889763779527129e+03 4.763779527559055168e+03
4.855643044619422644e-01 3.503937007874016185e-01 5.118110236220474452e-02 1.535433070866141634e+03 2.795275590551181267e+03
9.685039370078740717e-01 -4.448818897637795144e-01 3.543307086614178036e-02 2.992125984251968475e+03 1.732283464566929069e+03
4.330708661417322913e-01 -5.905511811023622659e-02 -2.322834645669291098e-01 1.377952755905511822e+03 4.645669291338582298e+03
9.422572178477690574e-01 6.692913385826770867e-02 -3.188976377952755792e-01 1.299212598425196802e+03 1.889763779527559109e+03
5.275590551181101873e-01 2.952755905511811330e-01 -8.267716535433072833e-02 4.527559055118110336e+03 4.724409448818897772e+02
8.477690288713910505e-01 4.606299212598424786e-01 1.614173228346457156e-01 2.322834645669291149e+03 3.937007874015748143e+01
7.480314960629921295e-01 1.299212598425196763e-01 7.480314960629919074e-02 1.220472440944881782e+03 4.370078740157480752e+03
9.317585301837272294e-01 4.370078740157480324e-01 -3.346456692913385433e-01 3.543307086614173386e+03 1.850393700787401485e+03
6.220472440944881942e-01 1.614173228346457156e-01 -1.771653543307086798e-01 4.960629921259842376e+03 4.094488188976377842e+03
4.173228346456692717e-01 3.976377952755905110e-01 2.322834645669291653e-01 2.795275590551181267e+03 3.582677165354330555e+03
8.425196850393701364e-01 1.771653543307086798e-01 -9.055118110236221041e-02 7.874015748031496287e+01 2.362204724409448886e+02
4.908136482939632339e-01 -3.110236220472440971e-01 -1.062992125984251746e-01 2.204724409448818733e+03 2.322834645669291149e+03
5.118110236220472231e-01 -3.346456692913385433e-01 -3.110236220472440971e-01 3.700787401574802971e+03 1.574803149606299257e+02
4.803149606299212393e-01 -4.763779527559054983e-01 3.937007874015741038e-03 3.858267716535433010e+03 3.031496062992126099e+03
