5.900364387139229727e-01 -5.000000000000000000e-01 -5.000000000000000000e-01 0.000000000000000000e+00 2.598557244268502473e+03
3.333333333333333148e-01 5.000000000000000000e-01 -5.000000000000000000e-01 1.953268392960235587e+03 4.841973542447889486e+03
3.333341343873001406e-01 4.821034475306196221e-01 -4.999987984190497059e-01 1.955826320750949435e+03 6.007904751339817294e-03
5.480623876811966388e-01 -5.000000000000000000e-01 5.000000000000000000e-01 2.020437636902666385e-03 1.522268825415144420e+02
9.999997969137424114e-01 5.000000000000000000e-01 -4.589555308314704485e-01 2.015950101673323843e+03 3.316930553132373916e+03
6.776751808497851748e-01 4.999999392810465793e-01 5.000000000000000000e-01 5.000000000000000000e+03 4.999999696405232498e+03
3.333333333333333148e-01 -7.861908663753780502e-02 4.999999999845583520e-01 4.999999999922792085e+03 0.000000000000000000e+00
5.443385735682625404e-01 -4.726773723996114396e-01 -4.999997994631072418e-01 5.000000000000000000e+03 1.641348919666542088e+03
7.442518289931687736e-01 -5.000000000000000000e-01 5.000000000000000000e-01 1.800532067714554103e-03 4.999998199467931954e+03
1.000000000000000000e+00 6.780287479745750190e-02 -5.000000000000000000e-01 0.000000000000000000e+00 5.000000000000000000e+03
9.999998357126749227e-01 -5.268036314614643612e-02 3.534189435862835627e-01 5.000000000000000000e+03 4.379035787971959508e+03
3.333333333333333148e-01 -4.999999182054908897e-01 -1.740893690561452489e-01 2.947373555587894316e+03 4.089725454398108443e-04
6.779794582280520565e-01 -5.000000000000000000e-01 2.160677888996832552e-01 5.000000000000000000e+03 3.707972575763660075e+02
1.000000000000000000e+00 -1.287603488613066061e-01 -4.999973674911395438e-01 5.000000000000000000e+03 1.316254430232242402e-02
3.333333333333333148e-01 -5.000000000000000000e-01 -3.114317315213891990e-01 2.649248503020315638e+03 4.999999999999999091e+03
9.851593776521452295e-01 5.000000000000000000e-01 4.268352114188588287e-01 2.141720108147260817e+03 6.968867588283496843e+02
7.338466059173825995e-01 4.999999816861532276e-01 -4.999999816861532276e-01 4.989826763768061937e+03 3.047733112745523613e+03
3.333333333333333148e-01 1.078305950269020652e-02 2.504587336867903913e-01 2.538689265618373980e+01 0.000000000000000000e+00
5.508227986141878141e-01 4.126916180983528637e-01 4.520158618942861084e-01 1.326312348864894943e+02 3.983740714129956814e+03
6.719154790263461852e-01 4.925866644232113067e-01 1.756008141500744468e-01 2.650307948819858803e-03 2.650307948819858803e-03
7.191824433172390174e-01 5.000000000000000000e-01 5.000000000000000000e-01 5.000000000000000000e+03 5.756117426206952374e-03
9.999991390260956070e-01 -5.000000000000000000e-01 -4.999987085391434105e-01 3.168995636129172453e+03 4.560792441995668923e+03
8.674264485508713651e-01 -4.999982562514168616e-01 5.000000000000000000e-01 5.000000000000000000e+03 5.000000000000000000e+03
9.999988164875885932e-01 -4.999982247313828343e-01 5.000000000000000000e-01 1.565403059621906777e+03 3.871168467655355016e+03
5.028455552127945039e-01 -4.683431330016879501e-02 -4.999999991779420228e-01 4.110289790780813474e-06 0.000000000000000000e+00
9.965602035379927948e-01 5.000000000000000000e-01 5.000000000000000000e-01 2.128152595382986419e+03 4.832629299297101170e+03
5.364396929898752608e-01 5.000000000000000000e-01 -8.041598152394480170e-02 4.129859794370042437e+03 4.758547075158600819e+03
7.217088758598757536e-01 4.901791547614244848e-01 -5.000000000000000000e-01 1.041156808151501764e+03 7.727979902625000364e+01
4.950403706161672357e-01 -4.888443300746514453e-01 5.000000000000000000e-01 5.000000000000000000e+03 6.973995098553528749e+01
8.828786250497284716e-01 5.000000000000000000e-01 5.000000000000000000e-01 0.000000000000000000e+00 5.000000000000000000e+03
8.919220309834903215e-01 -5.000000000000000000e-01 2.145063696820463939e-01 5.000000000000000000e+03 9.331742719285890644e+02
5.300680687995179552e-01 -1.298909599491928635e-01 5.125914714272206130e-02 0.000000000000000000e+00 4.999992019545957191e+03
3.333336173738117303e-01 -5.000000000000000000e-01 4.739048414583211244e-01 2.827511800085814230e+03 4.999997869696411726e+03
3.333333333333333148e-01 5.000000000000000000e-01 4.999905226891844245e-01 2.514695416456135717e+03 2.435520410661047208e+03
3.940178509052857381e-01 -1.704716930129346331e-02 5.000000000000000000e-01 0.000000000000000000e+00 5.000000000000000000e+03
5.576213445924070866e-01 -5.000000000000000000e-01 -5.000000000000000000e-01 4.999998310073549874e+03 4.999998310073549874e+03
7.170972145069951509e-01 5.000000000000000000e-01 -4.999999740100858348e-01 3.015463578166868501e+03 4.999999870050429308e+03
5.143772072139478624e-01 8.507996817316509919e-02 -4.947840643940111249e-01 5.000000000000000000e+03 3.127307343028409377e+03
3.333335567136266331e-01 -8.454696618430768140e-02 -4.999996649295600504e-01 5.000000000000000000e+03 7.168445290313096052e+01
1.000000000000000000e+00 6.709108437460731267e-02 -5.000000000000000000e-01 3.309861683585996616e+03 0.000000000000000000e+00
7.492889119511473295e-01 -2.789891381788169866e-01 -4.999999999996863620e-01 0.000000000000000000e+00 4.467699659510551555e+02
5.431613153044254627e-01 5.000000000000000000e-01 -7.323335486646781467e-02 1.438580299538663905e-02 5.000000000000000000e+03
1.000000000000000000e+00 2.136837669718059107e-01 -4.999998391632619055e-01 0.000000000000000000e+00 6.404039346762330069e+02
4.344554187788085553e-01 -4.999999534060332596e-01 4.032996746006300981e-02 5.472723146532214287e+02 3.186188388875073997e+03
8.449574800442751776e-01 5.000000000000000000e-01 -5.000000000000000000e-01 5.000000000000000000e+03 0.000000000000000000e+00
3.477715505471272173e-01 -6.534619259792534551e-02 -5.000000000000000000e-01 3.694572453758605661e+03 4.999996525365597336e+03
7.482463189133032877e-01 -4.999986585011509943e-01 5.000000000000000000e-01 1.730554896235727028e+03 1.959891268623372980e+03
8.454299842426742373e-01 4.999999950794298265e-01 2.932100569044572280e-01 2.954221441273727123e+03 4.999999975397148773e+03
1.000000000000000000e+00 5.000000000000000000e-01 -1.828235465741367971e-01 3.016086798808501499e+03 5.000000000000000000e+03
8.528879448251114326e-01 -4.999996084453743883e-01 4.849371090100089710e-01 5.277988337773584817e+02 0.000000000000000000e+00
9.788480367756868805e-01 4.999999459607472607e-01 -5.000000000000000000e-01 2.105623734843296461e+03 2.701962635708312840e-04
6.142386978396405794e-01 -1.653562555552172131e-01 4.297080600588559784e-01 5.000000000000000000e+03 4.018874014109181871e+02
1.000000000000000000e+00 -4.999981806737742729e-01 -4.409378841077725708e-01 2.177300836097229421e+03 9.096631128661188462e-03
3.333345532359943686e-01 5.000000000000000000e-01 5.000000000000000000e-01 1.264265981600561190e+03 5.000000000000000000e+03
8.619111450013503539e-01 5.000000000000000000e-01 5.107336167449505471e-02 5.000000000000000000e+03 4.999999957158990583e+03
6.324076503808958583e-01 -5.000000000000000000e-01 -5.000000000000000000e-01 0.000000000000000000e+00 4.999998684250581391e+03
8.247261776249572574e-01 -5.000000000000000000e-01 5.000000000000000000e-01 3.719269659023947042e+03 0.000000000000000000e+00
3.333333333333333148e-01 2.024892572552551284e-01 -3.453556344150602309e-01 3.786787571652584120e+03 0.000000000000000000e+00
1.000000000000000000e+00 1.461479714710289812e-01 5.000000000000000000e-01 2.835505387499660173e+03 4.999994719641016673e+03
7.631914429802411082e-01 -4.114035584678231716e-01 -4.999998055964182675e-01 5.000000000000000000e+03 2.821186871577156580e+03
7.068390502822756716e-01 4.641541599826544129e-01 -5.000000000000000000e-01 0.000000000000000000e+00 5.000000000000000000e+03
1.000000000000000000e+00 -1.550232684323964993e-01 -4.999989628898576233e-01 1.205130694463466170e+03 5.000000000000000000e+03
9.999999690187990620e-01 4.999999535281983709e-01 8.671142482560656450e-02 3.858452049723292021e+03 0.000000000000000000e+00
5.134788682961535233e-01 -4.999985515878695996e-01 -4.999985515878695996e-01 2.338679083860696210e+03 5.000000000000000000e+03
6.419076494000424127e-01 4.999998137329015879e-01 4.999998137329015879e-01 2.517203612030942622e+03 3.753859178479842171e+02
5.582211444616129725e-01 -4.999977478201272918e-01 4.012405389067523753e-01 1.126089936357429523e-02 4.232261783910182203e+03
5.898759104756090554e-01 -4.999996483035301087e-01 4.999996483035300532e-01 2.519154075460482090e+03 1.088903607602939019e+03
9.999992341147354580e-01 -4.030329855387629334e-01 4.999988511721029649e-01 3.197734573771238502e+03 0.000000000000000000e+00
3.772429380164086798e-01 5.000000000000000000e-01 1.705211701335104246e-01 0.000000000000000000e+00 2.990648130255668548e+03
7.705742170874891883e-01 -4.608643207871311875e-01 -5.000000000000000000e-01 5.070800403836180976e+02 3.474990073155254777e+03
5.442908997482100997e-01 1.249120159735526148e-01 5.000000000000000000e-01 0.000000000000000000e+00 0.000000000000000000e+00
3.333360516735796031e-01 -5.000000000000000000e-01 -4.585777509994533041e-01 1.186682512316290058e+03 7.293804298043360177e+02
5.461367798473724111e-01 2.396738653215785275e-01 -5.000000000000000000e-01 3.609034778480338446e+03 5.000000000000000000e+03
8.103173918740883552e-01 4.892746472050988338e-01 -5.000000000000000000e-01 9.726879818161655749e+02 4.999993119122786993e+03
3.333344117517564875e-01 -5.000000000000000000e-01 2.661443459106247467e-01 1.642584698748790970e+03 1.161629203419520991e+03
5.477949123712153590e-01 5.000000000000000000e-01 4.748062543877401565e-01 1.818136311154286204e+03 5.000000000000000000e+03
6.474815576646704152e-01 8.302106225707750475e-02 4.999996473811345599e-01 1.763094327476994513e-03 5.000000000000000000e+03
5.235242077964347152e-01 4.900007962410706241e-01 5.000000000000000000e-01 4.999984058325877413e+03 1.594167412256636274e-02
1.000000000000000000e+00 1.443107203818653206e-01 -5.000000000000000000e-01 3.141092627494589578e+03 4.525201834059305838e+03
1.000000000000000000e+00 -3.917885591824110114e-01 2.397553623692881830e-01 3.348695929660739239e+03 4.999993140574772951e+03
4.807998088059602937e-01 -5.000000000000000000e-01 -4.441678980995970583e-01 0.000000000000000000e+00 0.000000000000000000e+00
8.468306737644319959e-01 4.999999999999993339e-01 -5.000000000000000000e-01 3.216868950711632209e-12 2.858375701102884705e+03
3.574099272009516048e-01 -1.023847478947483292e-01 -7.344481970964794604e-02 4.999992913562460672e+03 5.000000000000000000e+03
1.000000000000000000e+00 7.872386762489480549e-02 2.826234344185712954e-01 0.000000000000000000e+00 5.000000000000000000e+03
1.000000000000000000e+00 -4.999991342598698041e-01 4.999991342598697486e-01 1.728692296500704060e+03 4.328700651102261078e-03
9.344903333801941603e-01 4.953594965356601376e-01 6.756770312637871978e-02 0.000000000000000000e+00 2.146353252059677743e+03
6.008861523934070359e-01 4.999999028841347615e-01 -4.999999028841348170e-01 5.000000000000000000e+03 5.000000000000000000e+03
6.202571035844116620e-01 5.000000000000000000e-01 -5.000000000000000000e-01 5.000000000000000000e+03 8.238482511293825084e-03
1.000000000000000000e+00 -1.745977101434309509e-02 3.744665209886611779e-01 4.086819015042039609e+03 0.000000000000000000e+00
3.942019089314519054e-01 -5.000000000000000000e-01 -5.000000000000000000e-01 1.266798635983085205e+03 5.000000000000000000e+03
4.767983362262855351e-01 1.394465727330675975e-01 4.999999031892295998e-01 5.000000000000000000e+03 0.000000000000000000e+00
6.451760278265599169e-01 -8.338553719618424509e-02 -5.000000000000000000e-01 0.000000000000000000e+00 5.000000000000000000e+03
3.333333432358046022e-01 1.016963204949191679e-01 -4.999999851462931244e-01 0.000000000000000000e+00 4.993906954389539351e+03
4.293825530934229362e-01 4.789467913640893526e-01 -4.609142747308183075e-01 5.000000000000000000e+03 2.127534656702081520e+03
8.566522034254941964e-01 -1.164522598286605315e-01 -4.999999518281404431e-01 5.000000000000000000e+03 2.408592977676645623e-04
3.416800266715060430e-01 2.057710207000068570e-01 -4.999993972769974371e-01 1.967731001545187382e+03 2.394518088188569891e+03
4.698342120393440569e-01 5.000000000000000000e-01 -4.999981430942723182e-01 0.000000000000000000e+00 4.632896278972326400e+03
4.301443900309240842e-01 3.266650395798791351e-01 -1.103424167875217687e-01 5.000000000000000000e+03 5.000000000000000000e+03
1.000000000000000000e+00 -5.000000000000000000e-01 -2.763447067733382223e-02 3.483038351786954649e+02 2.513869263454957036e+03
7.209742707109685345e-01 -4.999993550826386524e-01 -4.999993550826386524e-01 3.634397905015951892e+03 4.964696548881381204e+03
7.942421810132849203e-01 5.000000000000000000e-01 -4.999919560044478462e-01 2.122657439022075323e+03 4.021997776080021847e-02
7.256848631801537941e-01 -5.000000000000000000e-01 5.000000000000000000e-01 3.139411326103049305e+03 5.000000000000000000e+03
8.740363942532987096e-01 -5.000000000000000000e-01 -5.000000000000000000e-01 3.692082619502748457e+02 5.000000000000000000e+03
3.333333333333333148e-01 6.170041885759125488e-02 1.253569102474850760e-01 1.536220033827689804e+02 5.000000000000000000e+03
4.101909805429853617e-01 -5.000000000000000000e-01 5.000000000000000000e-01 1.274264421034969700e+03 5.000000000000000000e+03
1.000000000000000000e+00 -1.126944221647630529e-01 -5.000000000000000000e-01 5.000000000000000000e+03 3.097866011512172463e+03
8.999885248869121668e-01 4.305977187069615075e-01 4.999961003515762670e-01 1.949824211855597997e-02 0.000000000000000000e+00
3.333333333333333148e-01 4.999999924941035401e-01 4.999999924941035401e-01 3.691846129148990258e+03 5.000000000000000000e+03
8.480503932288194768e-01 5.000000000000000000e-01 5.000000000000000000e-01 5.000000000000000000e+03 6.385893943394470398e+02
4.701463111148969087e-01 -4.999982436769622174e-01 4.845178023828777825e-03 5.000000000000000000e+03 5.000000000000000000e+03
3.333340926931210868e-01 5.000000000000000000e-01 -4.999988609603183698e-01 3.659186342920133939e+03 5.000000000000000000e+03
4.783059095623785617e-01 4.999998343626330666e-01 4.999998343626330666e-01 4.999999171813165049e+03 4.999999171813165049e+03
4.541623120784377132e-01 -4.999989915277226471e-01 5.000000000000000000e-01 4.485624972679008351e+03 4.511573137742719155e+03
6.759833792728390245e-01 -4.999996620630178246e-01 -4.999996620630178246e-01 1.642222601601657516e+03 0.000000000000000000e+00
8.165342024225972217e-01 -1.270367284813527786e-01 4.971194460867989218e-01 4.121007534046178080e+03 4.339374762178632068e+02
3.333333333333333148e-01 6.616404931579178417e-02 3.443647659548301210e-01 2.483989027556197470e+03 0.000000000000000000e+00
1.000000000000000000e+00 -5.000000000000000000e-01 -5.000000000000000000e-01 1.320689661325135603e+03 5.000000000000000000e+03
8.188426572561375849e-01 -4.999999924627534509e-01 -4.480551143907376965e-01 3.684819310873846007e+03 3.768623266603716423e-05
7.394830748658662856e-01 3.400782755962746817e-01 5.000000000000000000e-01 1.051221563204233689e+03 4.858282754350449068e+03
9.048181944220978767e-01 5.000000000000000000e-01 4.999941951854384170e-01 3.466203966329521336e+03 2.300539537210576782e+03
3.333385264288473149e-01 2.137763750850614208e-01 5.000000000000000000e-01 2.800978601223987880e+03 5.000000000000000000e+03
8.411067795525821733e-01 5.000000000000000000e-01 -4.999984142282567490e-01 5.000000000000000000e+03 5.000000000000000000e+03
6.396217020672845255e-01 2.971297024645402907e-02 -4.999990655869315792e-01 5.000000000000000000e+03 1.163384467166892819e+03
9.999994941341412424e-01 4.999992412012116416e-01 -1.767620140883324753e-02 7.829489500823874550e+02 4.999996206006057946e+03
6.725504426533093216e-01 -2.959618403918597984e-01 -4.440727226069101086e-01 5.000000000000000000e+03 5.000000000000000000e+03
3.333373603104320404e-01 -1.777099793753146861e-01 -4.999939595343519394e-01 0.000000000000000000e+00 9.108566720206485456e+01
4.449414898106975880e-01 -5.000000000000000000e-01 5.000000000000000000e-01 7.675081246040953147e+02 0.000000000000000000e+00
3.333341625425192967e-01 -2.884725775288109473e-01 5.000000000000000000e-01 3.642922744751158461e+03 4.479072346194030615e+03
3.333333333333333148e-01 -3.017264128229211195e-01 4.999999774972170297e-01 0.000000000000000000e+00 3.388794896769589741e+03
9.999978336295387571e-01 5.575011305831500952e-02 2.785976923983780607e-01 1.624777845983325919e-02 0.000000000000000000e+00
3.333333333333333148e-01 -2.216591552806113086e-02 -5.000000000000000000e-01 2.302015623109596163e+03 8.932670629229089343e+01
1.000000000000000000e+00 -5.000000000000000000e-01 -3.249822968063666995e-01 3.705080705242362455e+03 0.000000000000000000e+00
6.282283571366381603e-01 -1.156392840897364493e-01 5.000000000000000000e-01 1.275837204576391059e+03 5.000000000000000000e+03
1.000000000000000000e+00 2.083843027505798418e-01 1.304783455775460066e-01 4.999976817019731243e+03 0.000000000000000000e+00
8.958393764515932833e-01 -9.722239216357664304e-02 -4.892712286863139526e-01 4.999999998474442691e+03 4.999999998474442691e+03
6.691745105484914191e-01 -1.077713781060791742e-01 5.000000000000000000e-01 3.879997800892532723e+03 3.802663715247987284e+02
5.593167121489277527e-01 4.999997640419485689e-01 4.132419623562060274e-01 3.359773008427383047e+03 4.999998820209742917e+03
4.116733576156302865e-01 -4.999998463523512848e-01 9.092350571897755973e-02 5.000000000000000000e+03 2.282785035030736253e+03
4.204529632619152801e-01 5.000000000000000000e-01 4.999998801004917892e-01 0.000000000000000000e+00 4.999999400502459139e+03
7.844309613072931731e-01 3.236599426524722212e-01 -4.999994930787044489e-01 0.000000000000000000e+00 2.534606477779564621e-03
9.562016113619844493e-01 4.999993503446581444e-01 -5.000000000000000000e-01 1.923267903651254528e+03 4.999996751723290799e+03
7.745541911666018464e-01 5.000000000000000000e-01 1.532531592558482592e-01 5.647201320429382160e-04 5.000000000000000000e+03
8.874860556558721303e-01 -5.000000000000000000e-01 5.000000000000000000e-01 3.380277641288605082e+03 5.000000000000000000e+03
8.541776649956276390e-01 4.999926670760088676e-01 -4.999926670760088121e-01 1.209203706971401516e+03 2.356486843047936830e+01
3.333333333333333148e-01 4.821007516687311201e-01 5.000000000000000000e-01 4.006814689733123942e+03 0.000000000000000000e+00
4.422984352907622929e-01 3.263897717616832672e-01 2.366434640690906477e-01 0.000000000000000000e+00 0.000000000000000000e+00
9.269480884503962237e-01 -5.000000000000000000e-01 -5.000000000000000000e-01 6.645006453499598820e+01 1.438043192632356750e+03
5.151717169230849436e-01 -5.000000000000000000e-01 -3.714706280268222915e-01 1.798126620697742055e+03 4.507344030565260482e+02
4.832525186207522472e-01 5.000000000000000000e-01 -2.169248078910925304e-01 2.477655020584170870e+03 4.999998094787747505e+03
9.978259957310804396e-01 -4.813031045244956507e-01 -2.001492748199238392e-01 5.000000000000000000e+03 3.078877288574383783e+03
5.178173542008718266e-01 5.000000000000000000e-01 -3.429818980599635969e-01 3.282094824956867797e+03 0.000000000000000000e+00
6.167907735070555786e-01 -3.522198112867277464e-01 -3.502873346462417325e-01 5.000000000000000000e+03 3.527900380137371930e-04
5.954672291190494793e-01 -4.999999014368912142e-01 5.000000000000000000e-01 4.999999507184455979e+03 3.263757297043586732e+03
7.990639318277045211e-01 5.000000000000000000e-01 -5.000000000000000000e-01 3.602118008208545689e+03 4.811248526315635843e+01
6.817551842694236086e-01 5.000000000000000000e-01 4.999993644523040848e-01 3.177738479775884216e-03 4.999996822261520720e+03
9.999999988292462838e-01 3.565849062894294041e-01 1.635205606880191231e-01 5.869724008539774331e+02 8.780653713857336862e-06
4.235715540870247375e-01 -4.999997470523388499e-01 5.000000000000000000e-01 2.613628400383942790e+03 0.000000000000000000e+00
3.333333333333333148e-01 3.728377152802775374e-02 4.999994001018105427e-01 5.000000000000000000e+03 3.661339589194213204e+03
7.588519499936929869e-01 -1.148117811825449808e-01 -1.765926312281594912e-01 0.000000000000000000e+00 4.999999328209856685e+03
8.100404637344760239e-01 -5.000000000000000000e-01 -5.000000000000000000e-01 5.000000000000000000e+03 9.657639799840661965e+01
7.878283266464543022e-01 -1.727161306819303133e-01 4.695368756213638139e-01 3.819127720824278640e+03 5.000000000000000000e+03
7.313701212498332493e-01 -8.526402597641841163e-02 5.000000000000000000e-01 4.999997940576211477e+03 4.999997940576211477e+03
6.386747851233531836e-01 1.501520114670183981e-01 -4.999987646543691544e-01 1.212476200799808794e+03 5.708003826056396690e+01
7.526905205969568469e-01 2.266163176164588400e-01 -4.668769396519032444e-01 2.129326925834361646e+03 5.000000000000000000e+03
4.142970164424464863e-01 1.762199375019245506e-01 5.000000000000000000e-01 1.933166770254596486e+03 5.000000000000000000e+03
1.000000000000000000e+00 5.000000000000000000e-01 4.576327368173540577e-01 4.094132088130717420e+03 5.000000000000000000e+03
1.000000000000000000e+00 5.000000000000000000e-01 -5.000000000000000000e-01 3.699178722254901004e+03 5.000000000000000000e+03
8.631207485833936044e-01 2.476008968626971507e-01 -5.000000000000000000e-01 2.906609304656667064e+03 5.000000000000000000e+03
1.000000000000000000e+00 -4.864427668701973850e-01 5.000000000000000000e-01 3.589641316776326221e+03 2.601678224684013458e+03
1.000000000000000000e+00 -1.333074539532208558e-01 4.999999358148279338e-01 3.209258605351571376e-04 1.637521498717722579e+03
4.516482959379666262e-01 -1.410774250145705455e-01 5.000000000000000000e-01 0.000000000000000000e+00 8.596936871407953618e+01
9.118737237268381701e-01 -1.749183720758415994e-01 5.000000000000000000e-01 5.000000000000000000e+03 2.027349364388320282e+03
6.868023446918356534e-01 3.423146915276659152e-01 1.299742723293371149e-01 2.801639544384979672e+03 4.999988670938800169e+03
3.333334821434555395e-01 3.786174265590045440e-01 1.057589212052055805e-01 1.146430867042053251e+03 1.116075916822573165e-03
8.807871534454754237e-01 3.513414545232742547e-01 -2.740981529635582170e-01 0.000000000000000000e+00 5.000000000000000000e+03
4.605667475942682998e-01 3.787178404912787677e-01 -4.668627528717627651e-01 6.651944473029814162e+02 8.358961504490397196e-03
7.936197630918907509e-01 -5.000000000000000000e-01 4.999985053348537933e-01 4.887813314133398308e+03 0.000000000000000000e+00
5.679962513368449484e-01 5.000000000000000000e-01 -4.999976988314418502e-01 1.324224037230323574e+03 1.150584279084919739e-02
6.750300798766238897e-01 -4.951317599829092031e-01 -5.000000000000000000e-01 0.000000000000000000e+00 0.000000000000000000e+00
1.000000000000000000e+00 -1.236040077687131644e-01 4.999990534623122151e-01 2.591505959297544450e+03 2.606722789550741254e+03
3.333336061510185910e-01 4.703249975403920313e-01 -4.504974972178473203e-01 9.103743892074722908e+02 2.258135194865336416e+03
9.017337187528431386e-01 -9.288143703472157009e-02 -4.999977853320958232e-01 6.918000148524107829e+01 1.107333952093841889e-02
7.384681389937404195e-01 2.062455862046708166e-02 -4.006748193551269988e-01 5.000000000000000000e+03 5.000000000000000000e+03
4.130960624723232222e-01 -1.232724822873512149e-01 -5.000000000000000000e-01 5.000000000000000000e+03 1.111183249817129735e+02
6.420724843157945561e-01 -4.762336484521015323e-01 4.999996681198939363e-01 7.361156524676457593e+02 4.999998340599469884e+03
8.015794345963148659e-01 -2.376622335279515164e-01 -4.999987129604037128e-01 1.258002946851952402e+03 3.743819767165412600e+02
8.607939036205125571e-01 1.809976176546603810e-01 5.000000000000000000e-01 1.151155078940100793e+03 6.253477231214939029e-03
3.333333333333333148e-01 2.128479079485791070e-01 4.999936921264686029e-01 0.000000000000000000e+00 2.439050245045997599e+03
7.721121883091397464e-01 4.489259149735149723e-01 5.000000000000000000e-01 0.000000000000000000e+00 1.478794704097507520e+03
4.672793350710457982e-01 -3.218915476277739440e-01 -4.241804695082745380e-01 5.000000000000000000e+03 5.000000000000000000e+03
6.455624827211936534e-01 5.000000000000000000e-01 -5.000000000000000000e-01 4.840721234781026304e-03 4.840721234781026304e-03
3.933102807603664486e-01 -4.977418559432327250e-01 -5.000000000000000000e-01 5.010545917717657005e+01 1.731937814214128139e+03
6.939341243035384021e-01 -5.000000000000000000e-01 5.000000000000000000e-01 0.000000000000000000e+00 0.000000000000000000e+00
3.333333333333333148e-01 -5.000000000000000000e-01 -5.000000000000000000e-01 2.656547860302202480e+03 1.966712022651797270e+03
3.333333333333333148e-01 -5.000000000000000000e-01 -1.963167528439478948e-01 4.177472418995147564e+03 4.999993554716223116e+03
3.333333333333333148e-01 3.100959784165615574e-01 -1.717793629140196288e-02 4.999995624933120780e+03 4.375066879405122879e-03
9.048707050741802149e-01 5.000000000000000000e-01 5.000000000000000000e-01 4.999926683145752577e+03 5.000000000000000000e+03
8.827006841689675198e-01 -5.000000000000000000e-01 5.000000000000000000e-01 8.666322621524035412e+02 5.000000000000000000e+03
6.635802349178969717e-01 1.480605252801782123e-01 5.000000000000000000e-01 2.714992388360393306e+03 1.171920881772297099e-02
9.017846730389731391e-01 -1.209916385925529081e-01 -5.000000000000000000e-01 3.321754065778668064e+03 0.000000000000000000e+00
