# 200 waveforms were generated from searching for the maximum GPR error estimate of the root-mean-square phase error. The first five columns are the parameters, the last column is the RMS phase error estimate.
# MP: removed last column so this can be fed into the generation script
5.960519654067499840e-01 -4.000000000000000222e-01 3.376825825257506741e-01 1.000937676987437297e-01 3.156405150252556950e+02 1.724912612306609638e+00
3.333333333333333148e-01 3.999991210897716476e-01 -4.000000000000000222e-01 1.361737638150667181e+03 1.000000000000000056e-01 1.815762622241445357e+00
6.201512542310911869e-01 2.045283684541668867e-01 4.000000000000000222e-01 1.662323597533975672e+01 3.000000000000000000e+03 1.588346943490092755e+00
3.333333333333333148e-01 4.000000000000000222e-01 6.329971920767557547e-02 1.343108621463982445e+03 2.710464574654517492e+03 1.556122339453225756e+00
8.953792273425251746e-01 -4.000000000000000222e-01 3.999992432303948187e-01 6.929784347865997063e+01 2.999997162208576810e+03 1.333425758800579342e+00
5.807415630701961984e-01 -4.000000000000000222e-01 2.844807361313924643e-01 1.000000000000000056e-01 3.000000000000000000e+03 1.366485929407104782e+00
7.971332149910230758e-01 -4.000000000000000222e-01 4.000000000000000222e-01 3.000000000000000000e+03 1.000000000000000056e-01 1.763398563993580304e+00
3.333333333333333148e-01 -4.000000000000000222e-01 4.000000000000000222e-01 1.767401798297590403e+03 1.362872277436068998e+03 1.707440249936183596e+00
3.333336390373880520e-01 4.000000000000000222e-01 4.000000000000000222e-01 1.247277086019828630e+03 1.013756223908287152e-01 1.510779713673279234e+00
9.999998667956988552e-01 -3.999998401548385263e-01 4.000000000000000222e-01 1.160545459507765599e+03 1.452436833296659188e+03 1.473508794815421963e+00
6.178213276122254127e-01 3.817391268123134784e-01 -2.023915692447736392e-02 1.000000000000000056e-01 1.000000000000000056e-01 1.628381266103470892e+00
1.000000000000000000e+00 1.337111880241685924e-01 -3.574159291539545369e-01 1.587891244149412614e+03 8.302007849127434724e+01 1.446866251999469277e+00
3.333333333333333148e-01 -4.000000000000000222e-01 -4.000000000000000222e-01 1.255513179463558799e+03 1.000000000000000056e-01 1.140530455381263852e+00
5.925915134407114815e-01 -4.000000000000000222e-01 -3.999997582212714842e-01 2.999999093359990184e+03 3.000000000000000000e+03 1.622943758717573681e+00
7.925273033570570114e-01 -4.000000000000000222e-01 -3.999972233986988090e-01 3.000000000000000000e+03 3.000000000000000000e+03 1.521942057118776059e+00
9.458827581136897145e-01 -4.000000000000000222e-01 -4.000000000000000222e-01 2.237347540841999489e+03 1.000000000000000056e-01 1.251918578398877990e+00
3.333338239420233773e-01 -3.999994112695720028e-01 4.000000000000000222e-01 1.012837130208333406e+03 1.022076655138591528e-01 1.293680422122568840e+00
3.333340107791006313e-01 3.257161114182387518e-01 -3.999991870650792536e-01 2.267543578921057815e+03 3.000000000000000000e+03 1.306125487240876737e+00
1.000000000000000000e+00 4.000000000000000222e-01 4.000000000000000222e-01 1.874475636986539939e+03 2.305636607470620220e+03 1.250047240056130216e+00
6.594143720310366996e-01 -3.991628404442209566e-01 -3.999997665888562204e-01 2.999999124737386865e+03 3.082695604417774859e+01 1.502854655673970141e+00
3.333333393233041120e-01 -3.382029203492836755e-01 3.899381904434791046e-01 7.347304658142853668e+02 3.000000000000000000e+03 1.172404785031801788e+00
1.000000000000000000e+00 4.000000000000000222e-01 4.000000000000000222e-01 8.978069452021567258e+02 3.000000000000000000e+03 1.254908922664575988e+00
3.333333333623693107e-01 -1.970029943959853425e-01 -4.000000000000000222e-01 6.632438984630199457e+02 2.815258073058269474e+03 1.053835615862194208e+00
4.322572164536157557e-01 -4.717077583718320977e-02 3.420534413461266965e-01 1.000000000000000056e-01 2.157154295072547541e+02 1.016038291454599340e+00
8.982798974278347615e-01 3.599117825938891180e-01 -4.000000000000000222e-01 3.000000000000000000e+03 2.243543287147776937e+03 1.111777441817243250e+00
6.062243830419075108e-01 4.000000000000000222e-01 3.567141626469449989e-01 3.000000000000000000e+03 1.001029673371397755e-01 1.496971265901906989e+00
9.999998066517734596e-01 4.000000000000000222e-01 3.169176232609136612e-01 9.320795935597770949e+02 1.000000000000000056e-01 1.297880639143140113e+00
7.324548133103084835e-01 4.000000000000000222e-01 4.000000000000000222e-01 3.000000000000000000e+03 3.000000000000000000e+03 1.524687532659372957e+00
4.485378243770244411e-01 2.354145611326045051e-01 -3.999997624857475342e-01 3.000000000000000000e+03 2.258752798200719951e+02 1.073245831699568775e+00
6.644416255839560304e-01 3.999982916224165130e-01 -8.733684945824565782e-02 1.000000000000000056e-01 2.731196886289382292e+03 9.234936446665508170e-01
7.096494112962941081e-01 3.999998235588592133e-01 -3.999998235588592133e-01 2.513033550811416262e+03 3.000000000000000000e+03 1.049354030603935950e+00
8.963891544866526839e-01 4.000000000000000222e-01 3.845776762788627456e-01 1.014361224222238705e-01 2.417025226938590095e+03 1.014319122749022473e+00
9.999999439975069127e-01 -4.000000000000000222e-01 -3.750297262783392482e-01 1.305104601736405357e+03 2.531852943963573068e+02 9.813097311932957867e-01
1.000000000000000000e+00 -3.999999394996007207e-01 -7.428904965947680239e-02 1.829365954180153267e+03 3.000000000000000000e+03 1.076747344526913119e+00
5.023819621913253597e-01 -4.000000000000000222e-01 -3.849963119457134875e-01 1.042197199366421967e-01 1.128832569668692031e+03 1.053329041429232449e+00
3.333333333333333148e-01 -2.603318148769274698e-01 4.000000000000000222e-01 1.879159503691803820e+03 3.000000000000000000e+03 9.852552568463818217e-01
8.016317520797158203e-01 2.371051727464573711e-01 4.000000000000000222e-01 3.000000000000000000e+03 1.000000000000000056e-01 1.082180046791251238e+00
6.695696213964003052e-01 4.000000000000000222e-01 -3.999912307913585652e-01 8.582960826263765739e+02 3.000000000000000000e+03 9.926965672184583367e-01
5.554071424782762723e-01 -4.000000000000000222e-01 -4.000000000000000222e-01 1.000000000000000056e-01 2.999999861409564801e+03 1.224257343234192330e+00
5.154449300102725839e-01 4.000000000000000222e-01 -4.000000000000000222e-01 1.000000000000000056e-01 3.000000000000000000e+03 1.239925423406784910e+00
6.033163594923935946e-01 3.999998518721321616e-01 -4.000000000000000222e-01 2.999999444539011620e+03 2.979285629955846161e+03 1.270515699111522512e+00
7.618546637289104195e-01 3.630631440295323253e-01 -4.000000000000000222e-01 1.000000000000000056e-01 8.789737950943728038e+02 1.007005746147197289e+00
6.191418566876275564e-01 4.000000000000000222e-01 3.999997478804188100e-01 1.819215728890870651e+03 3.000000000000000000e+03 1.092320881600078231e+00
9.205421398788526943e-01 -1.776902048032865111e-01 -3.062131435129256118e-01 1.001527610462432105e-01 2.988823026569440117e+03 8.302957065938262327e-01
5.565442791615118345e-01 -4.000000000000000222e-01 4.000000000000000222e-01 1.308005214166349106e+03 3.000000000000000000e+03 1.026832914561051302e+00
8.610293101730812637e-01 -2.693759095129848458e-01 4.000000000000000222e-01 1.062412115710671060e+03 1.000000000000000056e-01 9.454438101863200661e-01
5.078900615833031873e-01 -4.000000000000000222e-01 3.679603581588943850e-01 3.000000000000000000e+03 2.247623755289372980e+02 1.066645462702416669e+00
1.000000000000000000e+00 3.363903705371303898e-01 -3.754648863298423178e-01 1.608262279755723966e+03 2.918863534081920079e+03 1.101853881698997339e+00
1.000000000000000000e+00 -1.541943765516187170e-01 -4.000000000000000222e-01 2.463233725402917571e+03 2.673676105623823332e+03 8.136890980112101435e-01
4.298510133763248087e-01 4.000000000000000222e-01 -3.999998187905627334e-01 1.349954737554862959e+03 3.000000000000000000e+03 1.008909247965485534e+00
9.703900577208957046e-01 -2.437161340942478049e-01 4.000000000000000222e-01 1.663291232262562517e+03 1.719765560943993989e+02 7.946831745812763526e-01
6.777651943128457646e-01 -1.479173557448335008e-01 -4.000000000000000222e-01 1.051310887919602010e+03 2.999999689037156713e+03 8.850029243698227521e-01
4.144050815478492744e-01 3.999990717032548826e-01 -4.000000000000000222e-01 1.648663373319440666e+02 1.034809967573659395e-01 8.176681910562413336e-01
8.972140366684653312e-01 -2.733368569318116448e-01 4.000000000000000222e-01 1.000000000000000056e-01 1.000000000000000056e-01 1.000213285633801075e+00
7.317920190801003866e-01 -3.999999910294280703e-01 -3.999999910294280703e-01 2.270151680408105676e+03 3.000000000000000000e+03 9.735334628123604173e-01
4.385686934275760951e-01 -1.926517798257212366e-01 3.999989601363761471e-01 3.000000000000000000e+03 2.999996100641393241e+03 1.045964581874492039e+00
7.355915554824117297e-01 3.612413119733051126e-01 1.877729616471912610e-01 1.003377029359423245e-01 1.003377029359423245e-01 8.814314263263876015e-01
3.333341066694158750e-01 4.000000000000000222e-01 3.999990719967009278e-01 1.194913835798593709e+03 2.999996520103628882e+03 8.559680658687174315e-01
7.158765152127490872e-01 -3.999999183672563463e-01 -3.999999183672563463e-01 1.891561327574569759e+03 1.003061125847385382e-01 1.066663449686721998e+00
8.945401812005557840e-01 -4.000000000000000222e-01 -4.000000000000000222e-01 9.031815834178263458e+02 1.000000000000000056e-01 9.844666560660975119e-01
3.333339396644894870e-01 4.000000000000000222e-01 -3.984131496519226490e-01 9.310629311709020612e+02 2.999997271600746899e+03 8.978697458252584696e-01
3.333335521006021707e-01 3.999997374792774174e-01 4.000000000000000222e-01 2.304269028827930015e+03 1.009844198946546617e-01 1.163575032697047318e+00
7.859238556345604643e-01 4.000000000000000222e-01 -3.999993740761687011e-01 3.000000000000000000e+03 1.023471361269091412e-01 1.132898990131288919e+00
8.873493977269133470e-01 4.000000000000000222e-01 -4.000000000000000222e-01 1.020860012829280378e-01 1.020860012829280378e-01 9.088347149584123930e-01
9.166071081306415014e-01 -3.199171352215344211e-01 -3.999990763084945722e-01 2.299874466470781499e+03 3.000000000000000000e+03 7.435323899346697463e-01
3.333334726390622116e-01 -6.963303046900592985e-02 -4.000000000000000222e-01 1.866766110338347289e+03 1.000000000000000056e-01 8.394682769887232832e-01
9.999999181372787316e-01 3.346063729201885772e-01 5.635525051524281626e-02 2.928235982895264442e+03 1.804381583410907751e+03 7.511098002239674498e-01
7.280779713201958048e-01 4.000000000000000222e-01 -3.999996668545108824e-01 2.999998750746058704e+03 2.999998750746058704e+03 8.151006545621409805e-01
5.294965934161161014e-01 4.000000000000000222e-01 4.000000000000000222e-01 3.000000000000000000e+03 2.382595938265028053e+03 7.968087887933862357e-01
4.263764206435089466e-01 3.999997548877196607e-01 -2.222852802787594895e-01 2.999999080859587593e+03 2.510919409243917016e+03 7.743547836938514672e-01
5.713974163460745492e-01 -3.999996654870671131e-01 -3.513457658021604813e-01 6.921934256349475163e+02 2.411144093996052106e+03 8.079730094477333147e-01
9.999996410305322936e-01 -4.000000000000000222e-01 -2.059858565367042871e-01 1.119226641255998629e+03 2.999998384691240062e+03 8.001644249231717465e-01
4.436782075411546122e-01 -4.000000000000000222e-01 4.000000000000000222e-01 1.946526853125215894e+03 2.999999967383711919e+03 9.154491231723171918e-01
8.603782510439546005e-01 -3.999993104224998652e-01 -1.434191934984297423e-01 1.000000000000000056e-01 1.025858294284662381e-01 8.773247937222173887e-01
8.570866231484486342e-01 2.968909927861970166e-01 -4.000000000000000222e-01 1.270138611874752542e+03 6.455814328513692146e+01 9.666493464415154557e-01
4.253127982919522321e-01 2.242511208466003714e-01 3.999983584445486740e-01 2.999993844372252170e+03 1.000000000000000056e-01 8.119289031703154080e-01
6.608024719297282967e-01 4.000000000000000222e-01 -4.000000000000000222e-01 3.000000000000000000e+03 8.464572034153924278e+02 7.517480616782507008e-01
7.435995073829815283e-01 -4.000000000000000222e-01 3.084272626470000445e-01 3.000000000000000000e+03 3.000000000000000000e+03 8.304886555911809021e-01
6.626595331964035829e-01 2.709263379114444925e-01 -3.999996459403952209e-01 3.902149413158806510e+02 9.340924824668342126e+02 7.151812342097940700e-01
5.392825367618716559e-01 4.000000000000000222e-01 -4.000000000000000222e-01 2.999999592133372971e+03 1.131601290572245055e+01 7.823485896337889489e-01
9.999995954762082029e-01 -3.999995145714498324e-01 2.324578862470312313e-01 2.600306421302794206e+03 1.395572623812789971e+03 8.488291902005897782e-01
4.864987541944011396e-01 -3.888470022301591666e-01 -4.000000000000000222e-01 2.515909331480703713e+03 2.999991026374514604e+03 7.082684279654126724e-01
4.871258676379217611e-01 -3.702656050405169763e-01 4.000000000000000222e-01 8.082516309852221639e+02 1.000000000000000056e-01 7.950072565176520278e-01
7.314455712375962371e-01 4.000000000000000222e-01 4.000000000000000222e-01 1.000000000000000056e-01 3.000000000000000000e+03 8.348533080574754850e-01
8.570284490614581419e-01 3.999999981376347602e-01 3.688028896741964990e-01 2.194772076170742821e+03 3.000000000000000000e+03 8.645749473922990092e-01
5.172279723486508107e-01 4.000000000000000222e-01 2.241478420757017087e-01 1.000000000000000056e-01 1.000000000000000056e-01 8.540186924122055157e-01
4.090374955035543936e-01 -6.264603811032615210e-02 -3.999999850761204456e-01 1.000559626830024029e-01 2.978449426654530271e+03 6.810019453920979071e-01
1.000000000000000000e+00 4.000000000000000222e-01 -4.000000000000000222e-01 2.373947178524819719e+03 1.181531439314104091e+03 7.414045931876691586e-01
7.628707712803486363e-01 1.618270715931839909e-01 4.000000000000000222e-01 1.792762406523545224e+03 1.000000000000000056e-01 6.262901700819312190e-01
7.451121393589830166e-01 -4.000000000000000222e-01 1.106078415311468888e-01 1.000000000000000056e-01 2.919207136224574242e+03 8.032382267056018543e-01
8.547448801559742737e-01 -4.000000000000000222e-01 4.000000000000000222e-01 3.000000000000000000e+03 3.000000000000000000e+03 8.145995135766997963e-01
6.854830550268395939e-01 -4.000000000000000222e-01 -4.000000000000000222e-01 1.548543846955316212e+03 2.999999999975386800e+03 6.741847906701096127e-01
3.333333333333333148e-01 -4.000000000000000222e-01 1.106560212415096389e-01 2.574386794951007687e+03 3.000000000000000000e+03 6.720853017984848021e-01
3.512144233651620651e-01 4.000000000000000222e-01 -4.000000000000000222e-01 2.033926454580287555e+03 1.131512719758005631e-01 7.100506875716364741e-01
4.769355718182922699e-01 -4.000000000000000222e-01 -4.000000000000000222e-01 3.885658212543127092e+02 1.373986281668140066e+02 7.421152392497858408e-01
5.537867553626112382e-01 -3.345522278880085354e-01 4.000000000000000222e-01 2.354196757836135021e+03 1.000000000000000056e-01 6.870010273855057248e-01
7.411417576350336489e-01 4.000000000000000222e-01 -4.000000000000000222e-01 4.901152857114814765e+02 2.999999228142879929e+03 7.164223127947734193e-01
9.855184634563725066e-01 -1.339702690111662653e-01 3.999976806877991731e-01 5.274343006006737369e+02 3.000000000000000000e+03 7.731385959853750434e-01
3.333333333333333148e-01 -3.486851052502275006e-01 -3.056778603238341496e-02 2.450464471176242114e+03 1.061879510098600182e-01 7.416048017809054871e-01
3.333333333333333148e-01 4.000000000000000222e-01 -3.828739736780561453e-01 5.859852764707657116e+02 5.455450224028196544e+02 7.401578100261022586e-01
3.333334829076092798e-01 -9.097026442020056392e-02 3.999998205108689087e-01 1.725230737739115966e+03 1.006730618056097398e-01 6.838048474502889107e-01
1.000000000000000000e+00 4.000000000000000222e-01 3.676072330596863447e-01 1.924389586090438797e+03 1.000000000000000056e-01 6.591475713862448016e-01
4.043450192672256582e-01 -4.000000000000000222e-01 4.000000000000000222e-01 1.230556559193077826e-01 1.723231988991757817e+03 6.638556664982224742e-01
8.520673808297818397e-01 2.992119804063443356e-01 -4.000000000000000222e-01 1.230930165893265666e+03 3.000000000000000000e+03 6.644145073678899838e-01
7.382146632739201575e-01 -4.000000000000000222e-01 3.999999382190045916e-01 2.153487587043714029e+03 2.910357179707810701e+03 7.486780829294867878e-01
6.045873650925234211e-01 4.000000000000000222e-01 3.999988355343377933e-01 1.043666006750474662e-01 8.861413955643915870e+02 7.365148091729307733e-01
5.403623127445263963e-01 4.000000000000000222e-01 3.999988048270107788e-01 1.403214498664565554e+03 1.000000000000000056e-01 7.168000435929818837e-01
5.039332069784134838e-01 3.999999399860983962e-01 3.999999399860983962e-01 2.106438741739012130e+03 2.999999774955370867e+03 6.949703560527743518e-01
3.333337483290407799e-01 -3.999995020051510530e-01 -3.334508497261994275e-01 1.385325910524676146e+03 3.000000000000000000e+03 7.152464968845003712e-01
3.333333333333333148e-01 1.030431131752849172e-01 7.739112998380298647e-02 3.000000000000000000e+03 1.000000000000000056e-01 6.360650005161304632e-01
5.221888814006229174e-01 3.287311660721627948e-01 3.999997800512679058e-01 1.000000000000000056e-01 2.999999175219747940e+03 7.723329668685007254e-01
1.000000000000000000e+00 -4.000000000000000222e-01 3.780067350936049397e-01 1.993757950725218734e+03 3.000000000000000000e+03 6.911136451583013152e-01
9.180935342639942043e-01 -3.999989504740464885e-01 4.000000000000000222e-01 3.000000000000000000e+03 1.136467983708055272e+03 6.921149551232228525e-01
3.333337341295716794e-01 1.957875900325118934e-01 4.000000000000000222e-01 2.291417773935706009e+03 3.000000000000000000e+03 6.925817391878112961e-01
6.593239357068297890e-01 2.491144811527227221e-01 -2.457379108806929668e-01 2.359960003715392759e+03 2.998688174606693124e+01 5.874775824526754509e-01
1.000000000000000000e+00 -1.955074442014151925e-01 -8.777413160682218107e-02 1.007871353104494994e-01 1.299471865179111774e+02 6.429935381859427368e-01
5.589914997076488312e-01 -3.747768964920196177e-01 8.722346868789865315e-02 2.547608591230576621e+03 3.000000000000000000e+03 5.890678628886987234e-01
7.917879189583578725e-01 3.554593708388255058e-01 -3.999999513069917856e-01 1.001825926942755546e-01 2.752903227907891051e+03 6.623060667519946598e-01
6.120578052410845515e-01 -3.999959749850257040e-01 -3.999959749850257040e-01 2.413193464721166038e+03 1.872869800240151335e+03 7.131530719251945039e-01
1.000000000000000000e+00 -1.206241573525456134e-01 3.849251634959344193e-01 7.958728901529725590e+02 2.237221153636970143e+02 6.453759740182773985e-01
3.333333333333333148e-01 3.531223978365904959e-02 -1.234566654333672520e-01 1.000944994668592075e-01 1.023462563354500958e+03 5.725769029275465938e-01
8.307125079093669040e-01 3.999989139411955774e-01 3.951862744036317432e-01 9.401593318697597397e+02 1.040725847591388031e-01 7.354120000800076218e-01
9.160945664188571147e-01 3.999973316463413253e-01 4.000000000000000222e-01 3.000000000000000000e+03 1.000000000000000056e-01 6.640945737163397311e-01
8.402398035589984104e-01 4.000000000000000222e-01 3.676222485198474832e-01 2.957433469131417496e+03 3.000000000000000000e+03 6.685551419204156520e-01
7.252842699372579194e-01 -4.000000000000000222e-01 -3.999983314360934794e-01 4.806180351913011464e+02 3.000000000000000000e+03 7.096623924146223672e-01
5.900841271756996909e-01 3.999999873931249228e-01 1.018947895927551084e-01 2.482257425065967254e+03 2.999999952725794174e+03 6.267010757430802048e-01
6.845314016304508975e-01 4.000000000000000222e-01 -4.000000000000000222e-01 6.966945478112201044e+02 1.161058757233649485e-01 6.574594803798692322e-01
3.333339287023403541e-01 4.000000000000000222e-01 -3.999992855571915529e-01 1.677187594225583325e+03 1.665065063128411794e+03 6.054233954395391581e-01
4.249137982736964636e-01 1.049597176257425213e-01 4.000000000000000222e-01 6.946535241384389110e+02 3.000000000000000000e+03 5.609738752665478501e-01
6.975093603942899012e-01 2.832595301516543929e-02 3.999999785253905982e-01 1.000000000000000056e-01 1.077351580058928135e+02 5.999747870285865314e-01
4.826905387062292441e-01 -3.999999998134807222e-01 -3.999999998134807222e-01 8.905939405665180857e+02 2.999999999300575837e+03 6.820255675414194085e-01
5.448987107436686905e-01 -4.000000000000000222e-01 -4.000000000000000222e-01 1.463570578159403567e+03 3.156645836469066353e+02 6.627981116413558249e-01
3.700779333750234823e-01 -3.999998122817939872e-01 -3.999998122817939872e-01 3.000000000000000000e+03 1.894581862406088476e+03 5.599294208006067031e-01
6.780660437390813033e-01 -1.631485020711953560e-02 2.820021677460377019e-01 3.000000000000000000e+03 1.056225259918610881e-01 6.093405459031476790e-01
8.619384129481149071e-01 -3.998600183840848588e-01 -4.000000000000000222e-01 3.000000000000000000e+03 5.804704511393863697e+01 8.491894990329472703e-01
7.967466533648375204e-01 3.999956247790955599e-01 3.770918730698302745e-01 1.175067126304996464e+03 2.983636422917779782e+03 6.158391573487016490e-01
8.975554528551306088e-01 -6.375962841547178073e-03 1.619332298158568939e-01 3.000000000000000000e+03 1.000000000000000056e-01 5.682231617416410030e-01
5.459816116009692522e-01 3.999985809295106831e-01 4.000000000000000222e-01 2.183286866526449046e+02 1.053213369513465308e-01 5.596227094210742825e-01
5.434387481284363997e-01 -3.884964267299247376e-01 -2.936566798350297991e-01 1.781065610221897259e+03 2.949948798962900128e+03 5.263569643803167608e-01
1.000000000000000000e+00 6.423065127211496916e-02 -8.384299151402979655e-02 1.000000000000000056e-01 3.000000000000000000e+03 5.732765975842534223e-01
1.000000000000000000e+00 4.000000000000000222e-01 4.751018531208178741e-02 2.184433593811342689e+03 2.996600914574823037e+03 6.562220177590338821e-01
1.000000000000000000e+00 4.000000000000000222e-01 -1.018986144156323603e-01 2.532076206132869174e+03 1.000000000000000056e-01 5.921278700337366807e-01
7.289938185108375546e-01 3.999968169037206867e-01 -3.985970982584379763e-01 1.755030886399668361e+03 1.119362131606242844e-01 7.056069144373416924e-01
6.941559955394813741e-01 -1.029269632855695504e-01 4.000000000000000222e-01 1.187185502426939365e+03 2.987986401596631367e+03 5.753818341147195481e-01
8.870025789196986921e-01 -4.000000000000000222e-01 3.999997132960666502e-01 2.466793396985813160e+03 1.000000000000000056e-01 8.270417336342078540e-01
9.999999935391836736e-01 -1.420203650498967352e-01 4.000000000000000222e-01 1.000000000000000056e-01 9.570474082288303634e+02 6.037901234476116263e-01
8.297816682450338543e-01 -4.000000000000000222e-01 -2.394295451982207945e-01 1.307553059997068203e+03 1.000000000000000056e-01 5.853985452366550213e-01
1.000000000000000000e+00 3.999973093187247919e-01 1.431538532864440327e-01 3.183459220830090430e+02 1.100897184468585810e-01 5.633038481362654393e-01
9.295848743392682856e-01 -4.000000000000000222e-01 -4.136800249435623744e-02 1.641061190835069283e+03 1.273854829407241318e-01 5.248686152921953063e-01
6.908152426610548735e-01 -3.999996937642654182e-01 4.000000000000000222e-01 1.011483457253370410e-01 1.000000000000000056e-01 5.711925766286685135e-01
9.999996500049206372e-01 -2.728066717052858303e-01 -4.000000000000000222e-01 1.973094380005099993e+03 1.000000000000000056e-01 5.295540648033776332e-01
5.759298972181674525e-01 -4.000000000000000222e-01 -4.000000000000000222e-01 7.171525225345163790e+02 2.405479855083503367e+02 5.343947173548994067e-01
4.449991919649606276e-01 4.000000000000000222e-01 -1.474182781767641170e-02 3.000000000000000000e+03 1.054823157424436969e-01 5.673547795737916566e-01
3.333333333333333148e-01 -3.057852119217718823e-02 1.848508266169521796e-01 2.999999979328779318e+03 2.999999979328779318e+03 5.610818100300902778e-01
3.437965923339070251e-01 4.000000000000000222e-01 4.000000000000000222e-01 7.737176708028266603e+02 2.294620572314320555e+02 5.046397653984716625e-01
6.706574048545467237e-01 3.559810350468165518e-01 -4.000000000000000222e-01 1.896260659011230473e+03 3.000000000000000000e+03 6.200666580160891783e-01
9.982713850466786720e-01 1.075650846138465067e-02 -3.999997746073315485e-01 2.851957506143882256e+03 1.214860541443759075e+03 5.152715188927921020e-01
3.898003002294436192e-01 1.251642565972570509e-01 -3.999987642526229292e-01 7.634995998440610947e+02 1.046338981956443925e-01 5.126830777627375824e-01
8.438906449729886017e-01 9.951357646550063052e-02 3.999992854568300560e-01 1.000000000000000056e-01 2.999997320552430665e+03 5.669108497349746312e-01
9.999999892489235265e-01 4.000000000000000222e-01 -1.934493469023222945e-01 1.324483240151098244e+03 1.000000000000000056e-01 5.246952882126384443e-01
3.558706031492923083e-01 3.398466151107437661e-01 3.839763566364789993e-01 1.796997098857505989e+03 2.999996166461212852e+03 5.415442375665616703e-01
4.786631143883672279e-01 -3.999994287687289596e-01 3.999994287687289596e-01 1.021420458626666194e-01 1.021420458626666194e-01 5.616613297171090258e-01
1.000000000000000000e+00 1.455463318891666580e-01 -3.999975312188042142e-01 7.499766306599818790e+02 1.092576208866060938e-01 6.619449565047271777e-01
6.098548416151704510e-01 -3.999997162065221379e-01 -3.758473405692971392e-01 2.368077875854815829e+03 1.010641900679678240e-01 5.484213175385523886e-01
5.960157993232141349e-01 -4.000000000000000222e-01 -4.000000000000000222e-01 1.000000000000000056e-01 1.000000000000000056e-01 6.707532652442512733e-01
7.973179277588027247e-01 -3.999995441627809956e-01 -3.999995441627809956e-01 4.276240634102126705e+02 1.017093325917797081e-01 6.121608664517715903e-01
8.022443301299300167e-01 -3.999997672674306393e-01 -3.999997672674306393e-01 1.874868667201805863e+02 1.464284808823369076e+03 5.273933092921151422e-01
6.657150511051505015e-01 -1.989968212769421818e-03 -3.999986324034575103e-01 3.000000000000000000e+03 3.000000000000000000e+03 5.314567495433538680e-01
4.745491111718935784e-01 -3.999979533375321306e-01 4.000000000000000222e-01 3.020799071390368908e+02 3.000000000000000000e+03 6.183906533531311478e-01
7.805533317995355658e-01 -4.000000000000000222e-01 4.000000000000000222e-01 2.316165511542115382e+03 1.001630234524773233e-01 6.223732941484166892e-01
6.573817339153901207e-01 -4.000000000000000222e-01 4.000000000000000222e-01 1.674471885123683933e+03 1.000000000000000056e-01 5.554105943640876841e-01
6.489843386779398093e-01 -3.999988176622346625e-01 3.999988176622347735e-01 5.020009404913498656e+02 1.044336188277800725e-01 5.875515687662492548e-01
7.230360432050272346e-01 4.000000000000000222e-01 1.037971797698550303e-01 3.000000000000000000e+03 1.037645148577407000e-01 5.506920555077142732e-01
4.944034821564868842e-01 -4.000000000000000222e-01 -4.000000000000000222e-01 2.994180527865782551e+03 4.305592654328254412e+02 5.542597957359871597e-01
1.000000000000000000e+00 1.193328955034942407e-01 3.824740829158993494e-01 1.478531166369127504e+03 3.000000000000000000e+03 5.338259718887566896e-01
3.763230895667454834e-01 -4.000000000000000222e-01 1.245704354268999392e-01 3.000000000000000000e+03 1.162015154459199948e+03 5.202766286670216234e-01
4.151995969463845304e-01 -3.999991807384675191e-01 -1.745314585658611917e-01 3.000000000000000000e+03 3.000000000000000000e+03 5.672656526398366372e-01
9.999999994827211136e-01 -3.999999993792653363e-01 -1.106387128550767041e-01 3.000000000000000000e+03 1.604829124360767537e+03 4.707488384607462772e-01
4.512950351899404078e-01 -3.999998359769623146e-01 -2.396970375567494260e-01 1.006150658884475690e-01 3.000000000000000000e+03 4.867623909052669617e-01
3.333333333333333148e-01 -2.860810739968301930e-01 -3.999998375267527218e-01 2.550025371771545906e+03 2.999999390745631899e+03 4.951554453440470960e-01
5.580350954054529300e-01 4.000000000000000222e-01 -3.798511273644522568e-01 3.454980203157792857e+02 1.059649642263751496e-01 5.851314196394523659e-01
1.000000000000000000e+00 -1.660222832142603522e-01 4.000000000000000222e-01 2.357033899390698025e+03 3.000000000000000000e+03 5.088315695729527244e-01
5.920740213177709821e-01 -3.923466179247392382e-02 4.000000000000000222e-01 2.130401087751144132e+03 2.575473084670401477e+03 5.219616847373025337e-01
8.746713933318348566e-01 -4.000000000000000222e-01 3.999999992871555721e-01 6.172976700218922588e+02 1.947925562713119234e+03 5.548410010641312562e-01
4.991226157949305575e-01 4.000000000000000222e-01 -4.000000000000000222e-01 1.038599948153037531e+03 1.000000000000000056e-01 5.248989650318384159e-01
8.312139429729633600e-01 -3.999991009459403224e-01 3.999991009459402669e-01 1.162987956845274084e+03 3.000000000000000000e+03 5.946951554499881887e-01
7.314335238506111114e-01 -3.999972633578325332e-01 -3.999972633578325332e-01 3.000000000000000000e+03 1.952442377845341070e+03 4.721809230162282156e-01
5.651610354056046948e-01 -3.962533791475543743e-01 3.675457975608308336e-01 2.872021554270425440e+03 3.000000000000000000e+03 4.965898581221598884e-01
7.089769781363187695e-01 4.000000000000000222e-01 3.999999574339446751e-01 2.574033613878722008e+03 2.999999840382613456e+03 5.680900088270669501e-01
6.105161411149870876e-01 4.000000000000000222e-01 -4.000000000000000222e-01 1.000000000000000056e-01 1.000000000000000056e-01 5.200940578017347882e-01
3.597422857307285282e-01 -2.584893027585042913e-01 3.999999668403566577e-01 2.454638657893389791e+03 3.235489057687298668e+02 5.440670084946880314e-01
1.000000000000000000e+00 -3.999999374969889221e-01 3.135987491002100169e-01 3.746340236848034237e+02 2.100009424043440731e+01 4.521907134264386841e-01
1.000000000000000000e+00 7.429921265234618044e-03 -4.000000000000000222e-01 1.000000000000000056e-01 7.110304025577471521e+02 4.662470506892033018e-01
3.333333333333338144e-01 3.601160521555577532e-01 3.999999999999993561e-01 1.584799790438735045e+03 1.663626681679050762e+03 4.818179681319141872e-01
7.904237221509393674e-01 -4.000000000000000222e-01 -3.999956940695590935e-01 1.444654866936772578e+03 1.375579217525258855e+03 4.679269537310017935e-01
3.333333333333333148e-01 1.494135324907208684e-02 3.999997901036856929e-01 1.307257358821494563e+03 1.629845571771106279e+03 4.841836561540797113e-01
5.138814192588809782e-01 -1.425365864581992770e-01 -3.999988881493335979e-01 3.000000000000000000e+03 3.000000000000000000e+03 4.756449373533081504e-01
1.000000000000000000e+00 -3.999926782402724035e-01 4.000000000000000222e-01 2.043256239362070573e+03 3.559390345974667866e+02 5.373204009666858738e-01
3.940177378972634648e-01 -4.000000000000000222e-01 -2.931767558959114672e-01 2.163911836591946667e+03 1.000000000000000056e-01 5.494374468697982294e-01
5.251388475199169070e-01 4.000000000000000222e-01 -3.764147768199865851e-02 2.526429686845378001e+03 1.047269579286604774e-01 4.751913022064114256e-01
