1.3999999999999999e+00 1.3999999999999999e+00 -5.0000000000000000e-01 -5.0000000000000000e-01 1.0000000000000000e+00 5.0000000000000000e+03 1.0000000000000000e+02 8.1920000000000000e+03 7.8125000000000000e-03
1.3999999999999999e+00 1.3999999999999999e+00 -5.0000000000000000e-01 -5.0000000000000000e-01 5.0000000000000000e+03 5.0000000000000000e+03 1.0000000000000000e+02 8.1920000000000000e+03 7.8125000000000000e-03
1.3999999999999999e+00 1.3999999999999999e+00 -5.0000000000000000e-01 -5.0000000000000000e-01 5.0000000000000000e+03 1.0000000000000000e+00 1.0000000000000000e+02 8.1920000000000000e+03 7.8125000000000000e-03
1.3999999999999999e+00 1.3999999999999999e+00 -5.0000000000000000e-01 -5.0000000000000000e-01 1.0000000000000000e+00 1.0000000000000000e+00 1.0000000000000000e+02 8.1920000000000000e+03 7.8125000000000000e-03
1.3999999999999999e+00 1.3999999999999999e+00 -5.0000000000000000e-01 5.0000000000000000e-01 5.0000000000000000e+03 5.0000000000000000e+03 1.0000000000000000e+02 8.1920000000000000e+03 7.8125000000000000e-03
1.3999999999999999e+00 1.3999999999999999e+00 -5.0000000000000000e-01 5.0000000000000000e-01 5.0000000000000000e+03 5.0000000000000000e+03 1.0000000000000000e+02 8.1920000000000000e+03 7.8125000000000000e-03
1.3999999999999999e+00 1.3999999999999999e+00 5.0000000000000000e-01 -5.0000000000000000e-01 5.0000000000000000e+03 5.0000000000000000e+03 1.0000000000000000e+02 8.1920000000000000e+03 7.8125000000000000e-03
1.3999999999999999e+00 1.3999999999999999e+00 -5.0000000000000000e-01 -5.0000000000000000e-01 1.0000000000000000e+00 1.0000000000000000e+00 1.0000000000000000e+02 8.1920000000000000e+03 7.8125000000000000e-03
1.3999999999999999e+00 1.3999999999999999e+00 -5.0000000000000000e-01 -5.0000000000000000e-01 1.0000000000000000e+00 1.0000000000000000e+00 1.0000000000000000e+02 8.1920000000000000e+03 7.8125000000000000e-03
1.3999999999999999e+00 1.3999999999999999e+00 -5.0000000000000000e-01 -5.0000000000000000e-01 1.0000000000000000e+00 1.0000000000000000e+00 1.0000000000000000e+02 8.1920000000000000e+03 7.8125000000000000e-03
1.3999999999999999e+00 1.3999999999999999e+00 -5.0000000000000000e-01 -5.0000000000000000e-01 1.0000000000000000e+00 1.0000000000000000e+00 1.0000000000000000e+02 8.1920000000000000e+03 7.8125000000000000e-03
